4) Land use/Land Cover change (to 1992) (baseline pristine conditions)
        PEA      KK10
 850   -0.012   -0.052
 851   -0.012   -0.052
 852   -0.012   -0.052
 853   -0.012   -0.052
 854   -0.012   -0.052
 855   -0.012   -0.052
 856   -0.012   -0.052
 857   -0.012   -0.052
 858   -0.012   -0.052
 859   -0.012   -0.052
 860   -0.012   -0.052
 861   -0.012   -0.052
 862   -0.012   -0.052
 863   -0.012   -0.052
 864   -0.012   -0.052
 865   -0.012   -0.052
 866   -0.012   -0.052
 867   -0.012   -0.052
 868   -0.012   -0.052
 869   -0.012   -0.052
 870   -0.012   -0.052
 871   -0.012   -0.052
 872   -0.012   -0.052
 873   -0.013   -0.052
 874   -0.013   -0.052
 875   -0.013   -0.052
 876   -0.013   -0.052
 877   -0.013   -0.052
 878   -0.013   -0.052
 879   -0.013   -0.052
 880   -0.013   -0.052
 881   -0.013   -0.052
 882   -0.013   -0.052
 883   -0.013   -0.052
 884   -0.013   -0.052
 885   -0.013   -0.052
 886   -0.013   -0.052
 887   -0.013   -0.052
 888   -0.013   -0.052
 889   -0.013   -0.052
 890   -0.013   -0.052
 891   -0.013   -0.052
 892   -0.013   -0.052
 893   -0.013   -0.052
 894   -0.013   -0.052
 895   -0.013   -0.052
 896   -0.013   -0.052
 897   -0.013   -0.052
 898   -0.013   -0.052
 899   -0.013   -0.052
 900   -0.013   -0.052
 901   -0.013   -0.052
 902   -0.013   -0.052
 903   -0.013   -0.052
 904   -0.013   -0.052
 905   -0.013   -0.052
 906   -0.013   -0.052
 907   -0.013   -0.052
 908   -0.013   -0.052
 909   -0.013   -0.052
 910   -0.013   -0.052
 911   -0.013   -0.052
 912   -0.013   -0.052
 913   -0.013   -0.052
 914   -0.013   -0.052
 915   -0.013   -0.052
 916   -0.013   -0.052
 917   -0.013   -0.052
 918   -0.013   -0.052
 919   -0.013   -0.052
 920   -0.013   -0.052
 921   -0.013   -0.052
 922   -0.013   -0.052
 923   -0.013   -0.052
 924   -0.013   -0.052
 925   -0.013   -0.052
 926   -0.013   -0.052
 927   -0.013   -0.052
 928   -0.013   -0.052
 929   -0.013   -0.052
 930   -0.013   -0.052
 931   -0.013   -0.052
 932   -0.013   -0.052
 933   -0.013   -0.052
 934   -0.013   -0.052
 935   -0.013   -0.052
 936   -0.013   -0.052
 937   -0.013   -0.052
 938   -0.013   -0.052
 939   -0.013   -0.052
 940   -0.013   -0.052
 941   -0.013   -0.052
 942   -0.013   -0.052
 943   -0.013   -0.052
 944   -0.014   -0.052
 945   -0.014   -0.052
 946   -0.014   -0.052
 947   -0.014   -0.052
 948   -0.014   -0.052
 949   -0.014   -0.052
 950   -0.014   -0.052
 951   -0.014   -0.052
 952   -0.014   -0.052
 953   -0.014   -0.052
 954   -0.014   -0.053
 955   -0.014   -0.053
 956   -0.014   -0.053
 957   -0.014   -0.053
 958   -0.014   -0.053
 959   -0.014   -0.054
 960   -0.014   -0.054
 961   -0.014   -0.054
 962   -0.014   -0.054
 963   -0.014   -0.054
 964   -0.014   -0.055
 965   -0.014   -0.055
 966   -0.014   -0.055
 967   -0.014   -0.055
 968   -0.014   -0.055
 969   -0.014   -0.056
 970   -0.014   -0.056
 971   -0.014   -0.056
 972   -0.014   -0.056
 973   -0.014   -0.056
 974   -0.014   -0.057
 975   -0.014   -0.057
 976   -0.014   -0.057
 977   -0.014   -0.057
 978   -0.014   -0.057
 979   -0.014   -0.058
 980   -0.014   -0.058
 981   -0.014   -0.058
 982   -0.014   -0.058
 983   -0.014   -0.058
 984   -0.014   -0.059
 985   -0.014   -0.059
 986   -0.014   -0.059
 987   -0.014   -0.059
 988   -0.014   -0.059
 989   -0.014   -0.060
 990   -0.014   -0.060
 991   -0.014   -0.060
 992   -0.014   -0.060
 993   -0.014   -0.060
 994   -0.014   -0.061
 995   -0.014   -0.061
 996   -0.014   -0.061
 997   -0.014   -0.061
 998   -0.014   -0.061
 999   -0.014   -0.062
1000   -0.014   -0.062
1001   -0.014   -0.062
1002   -0.014   -0.062
1003   -0.014   -0.062
1004   -0.014   -0.063
1005   -0.014   -0.063
1006   -0.014   -0.063
1007   -0.014   -0.063
1008   -0.014   -0.063
1009   -0.015   -0.064
1010   -0.015   -0.064
1011   -0.015   -0.064
1012   -0.015   -0.064
1013   -0.015   -0.064
1014   -0.015   -0.065
1015   -0.015   -0.065
1016   -0.015   -0.065
1017   -0.015   -0.065
1018   -0.015   -0.065
1019   -0.015   -0.066
1020   -0.015   -0.066
1021   -0.015   -0.066
1022   -0.015   -0.066
1023   -0.015   -0.066
1024   -0.015   -0.067
1025   -0.015   -0.067
1026   -0.015   -0.067
1027   -0.015   -0.067
1028   -0.015   -0.067
1029   -0.015   -0.068
1030   -0.015   -0.068
1031   -0.015   -0.068
1032   -0.015   -0.068
1033   -0.015   -0.068
1034   -0.015   -0.069
1035   -0.015   -0.069
1036   -0.015   -0.069
1037   -0.015   -0.069
1038   -0.015   -0.069
1039   -0.015   -0.070
1040   -0.015   -0.070
1041   -0.015   -0.070
1042   -0.015   -0.070
1043   -0.015   -0.070
1044   -0.015   -0.071
1045   -0.015   -0.071
1046   -0.015   -0.071
1047   -0.015   -0.071
1048   -0.015   -0.071
1049   -0.015   -0.072
1050   -0.016   -0.072
1051   -0.016   -0.072
1052   -0.016   -0.072
1053   -0.016   -0.072
1054   -0.016   -0.072
1055   -0.016   -0.072
1056   -0.016   -0.072
1057   -0.016   -0.072
1058   -0.016   -0.073
1059   -0.016   -0.073
1060   -0.016   -0.073
1061   -0.016   -0.073
1062   -0.016   -0.073
1063   -0.016   -0.073
1064   -0.016   -0.073
1065   -0.016   -0.073
1066   -0.016   -0.073
1067   -0.016   -0.073
1068   -0.016   -0.074
1069   -0.016   -0.074
1070   -0.016   -0.074
1071   -0.016   -0.074
1072   -0.016   -0.074
1073   -0.016   -0.074
1074   -0.016   -0.074
1075   -0.016   -0.074
1076   -0.016   -0.074
1077   -0.016   -0.074
1078   -0.016   -0.075
1079   -0.016   -0.075
1080   -0.016   -0.075
1081   -0.016   -0.075
1082   -0.016   -0.075
1083   -0.016   -0.075
1084   -0.016   -0.075
1085   -0.016   -0.075
1086   -0.016   -0.075
1087   -0.016   -0.075
1088   -0.016   -0.076
1089   -0.016   -0.076
1090   -0.016   -0.076
1091   -0.017   -0.076
1092   -0.017   -0.076
1093   -0.017   -0.076
1094   -0.017   -0.076
1095   -0.017   -0.076
1096   -0.017   -0.076
1097   -0.017   -0.076
1098   -0.017   -0.077
1099   -0.017   -0.077
1100   -0.017   -0.077
1101   -0.017   -0.077
1102   -0.017   -0.077
1103   -0.017   -0.077
1104   -0.017   -0.077
1105   -0.017   -0.077
1106   -0.017   -0.077
1107   -0.017   -0.077
1108   -0.017   -0.078
1109   -0.017   -0.078
1110   -0.017   -0.078
1111   -0.017   -0.078
1112   -0.017   -0.078
1113   -0.017   -0.078
1114   -0.017   -0.078
1115   -0.017   -0.078
1116   -0.017   -0.078
1117   -0.017   -0.078
1118   -0.017   -0.079
1119   -0.017   -0.079
1120   -0.017   -0.079
1121   -0.017   -0.079
1122   -0.017   -0.079
1123   -0.017   -0.079
1124   -0.017   -0.079
1125   -0.017   -0.079
1126   -0.017   -0.079
1127   -0.017   -0.079
1128   -0.017   -0.080
1129   -0.017   -0.080
1130   -0.017   -0.080
1131   -0.017   -0.080
1132   -0.017   -0.080
1133   -0.017   -0.080
1134   -0.017   -0.080
1135   -0.017   -0.080
1136   -0.017   -0.080
1137   -0.017   -0.080
1138   -0.018   -0.081
1139   -0.018   -0.081
1140   -0.018   -0.081
1141   -0.018   -0.081
1142   -0.018   -0.081
1143   -0.018   -0.081
1144   -0.018   -0.081
1145   -0.018   -0.081
1146   -0.018   -0.081
1147   -0.018   -0.081
1148   -0.018   -0.082
1149   -0.018   -0.082
1150   -0.018   -0.082
1151   -0.018   -0.082
1152   -0.018   -0.082
1153   -0.018   -0.082
1154   -0.018   -0.082
1155   -0.018   -0.082
1156   -0.018   -0.082
1157   -0.018   -0.082
1158   -0.018   -0.082
1159   -0.018   -0.082
1160   -0.018   -0.082
1161   -0.018   -0.082
1162   -0.018   -0.082
1163   -0.018   -0.082
1164   -0.018   -0.082
1165   -0.018   -0.082
1166   -0.018   -0.082
1167   -0.018   -0.082
1168   -0.018   -0.082
1169   -0.018   -0.082
1170   -0.018   -0.082
1171   -0.018   -0.082
1172   -0.018   -0.082
1173   -0.018   -0.082
1174   -0.018   -0.082
1175   -0.018   -0.082
1176   -0.018   -0.082
1177   -0.018   -0.082
1178   -0.018   -0.082
1179   -0.018   -0.082
1180   -0.018   -0.082
1181   -0.018   -0.082
1182   -0.018   -0.082
1183   -0.018   -0.082
1184   -0.018   -0.082
1185   -0.018   -0.082
1186   -0.019   -0.082
1187   -0.019   -0.082
1188   -0.019   -0.082
1189   -0.019   -0.082
1190   -0.019   -0.082
1191   -0.019   -0.082
1192   -0.019   -0.082
1193   -0.019   -0.082
1194   -0.019   -0.082
1195   -0.019   -0.082
1196   -0.019   -0.082
1197   -0.019   -0.082
1198   -0.019   -0.082
1199   -0.019   -0.082
1200   -0.019   -0.082
1201   -0.019   -0.082
1202   -0.019   -0.082
1203   -0.019   -0.082
1204   -0.019   -0.082
1205   -0.019   -0.082
1206   -0.019   -0.082
1207   -0.019   -0.082
1208   -0.019   -0.082
1209   -0.019   -0.082
1210   -0.019   -0.082
1211   -0.019   -0.082
1212   -0.019   -0.082
1213   -0.019   -0.082
1214   -0.019   -0.082
1215   -0.019   -0.082
1216   -0.019   -0.082
1217   -0.019   -0.082
1218   -0.019   -0.082
1219   -0.019   -0.082
1220   -0.019   -0.082
1221   -0.019   -0.082
1222   -0.019   -0.082
1223   -0.019   -0.082
1224   -0.019   -0.082
1225   -0.019   -0.082
1226   -0.019   -0.082
1227   -0.019   -0.082
1228   -0.019   -0.082
1229   -0.019   -0.082
1230   -0.019   -0.082
1231   -0.019   -0.082
1232   -0.019   -0.082
1233   -0.019   -0.082
1234   -0.019   -0.082
1235   -0.019   -0.082
1236   -0.019   -0.082
1237   -0.019   -0.082
1238   -0.019   -0.082
1239   -0.019   -0.082
1240   -0.019   -0.082
1241   -0.019   -0.082
1242   -0.019   -0.082
1243   -0.019   -0.082
1244   -0.019   -0.082
1245   -0.019   -0.082
1246   -0.019   -0.082
1247   -0.019   -0.082
1248   -0.019   -0.082
1249   -0.019   -0.082
1250   -0.019   -0.082
1251   -0.019   -0.082
1252   -0.019   -0.081
1253   -0.019   -0.081
1254   -0.019   -0.081
1255   -0.019   -0.081
1256   -0.019   -0.081
1257   -0.019   -0.080
1258   -0.019   -0.080
1259   -0.019   -0.080
1260   -0.020   -0.080
1261   -0.020   -0.080
1262   -0.020   -0.079
1263   -0.020   -0.079
1264   -0.020   -0.079
1265   -0.020   -0.079
1266   -0.020   -0.079
1267   -0.020   -0.078
1268   -0.020   -0.078
1269   -0.020   -0.078
1270   -0.020   -0.078
1271   -0.020   -0.078
1272   -0.020   -0.077
1273   -0.020   -0.077
1274   -0.020   -0.077
1275   -0.020   -0.077
1276   -0.020   -0.077
1277   -0.020   -0.076
1278   -0.020   -0.076
1279   -0.020   -0.076
1280   -0.020   -0.076
1281   -0.020   -0.076
1282   -0.020   -0.075
1283   -0.020   -0.075
1284   -0.020   -0.075
1285   -0.020   -0.075
1286   -0.020   -0.075
1287   -0.020   -0.074
1288   -0.020   -0.074
1289   -0.020   -0.074
1290   -0.020   -0.074
1291   -0.020   -0.074
1292   -0.020   -0.073
1293   -0.020   -0.073
1294   -0.020   -0.073
1295   -0.020   -0.073
1296   -0.020   -0.073
1297   -0.020   -0.072
1298   -0.020   -0.072
1299   -0.020   -0.072
1300   -0.020   -0.072
1301   -0.020   -0.072
1302   -0.020   -0.071
1303   -0.020   -0.071
1304   -0.020   -0.071
1305   -0.020   -0.071
1306   -0.020   -0.071
1307   -0.020   -0.070
1308   -0.020   -0.070
1309   -0.020   -0.070
1310   -0.020   -0.070
1311   -0.020   -0.070
1312   -0.020   -0.069
1313   -0.020   -0.069
1314   -0.020   -0.069
1315   -0.020   -0.069
1316   -0.020   -0.069
1317   -0.020   -0.068
1318   -0.020   -0.068
1319   -0.020   -0.068
1320   -0.020   -0.068
1321   -0.020   -0.068
1322   -0.020   -0.067
1323   -0.020   -0.067
1324   -0.020   -0.067
1325   -0.021   -0.067
1326   -0.021   -0.067
1327   -0.021   -0.066
1328   -0.021   -0.066
1329   -0.021   -0.066
1330   -0.021   -0.066
1331   -0.021   -0.066
1332   -0.021   -0.065
1333   -0.021   -0.065
1334   -0.021   -0.065
1335   -0.021   -0.065
1336   -0.021   -0.065
1337   -0.021   -0.064
1338   -0.021   -0.064
1339   -0.021   -0.064
1340   -0.021   -0.064
1341   -0.021   -0.064
1342   -0.021   -0.063
1343   -0.021   -0.063
1344   -0.021   -0.063
1345   -0.021   -0.063
1346   -0.021   -0.063
1347   -0.021   -0.062
1348   -0.021   -0.062
1349   -0.021   -0.062
1350   -0.021   -0.062
1351   -0.021   -0.062
1352   -0.021   -0.062
1353   -0.021   -0.063
1354   -0.021   -0.063
1355   -0.021   -0.063
1356   -0.021   -0.064
1357   -0.021   -0.064
1358   -0.021   -0.064
1359   -0.021   -0.064
1360   -0.021   -0.065
1361   -0.021   -0.065
1362   -0.021   -0.065
1363   -0.021   -0.066
1364   -0.021   -0.066
1365   -0.021   -0.066
1366   -0.021   -0.067
1367   -0.021   -0.067
1368   -0.021   -0.067
1369   -0.021   -0.067
1370   -0.021   -0.068
1371   -0.021   -0.068
1372   -0.021   -0.068
1373   -0.021   -0.069
1374   -0.021   -0.069
1375   -0.021   -0.069
1376   -0.021   -0.070
1377   -0.021   -0.070
1378   -0.021   -0.070
1379   -0.021   -0.070
1380   -0.021   -0.071
1381   -0.021   -0.071
1382   -0.021   -0.071
1383   -0.021   -0.072
1384   -0.021   -0.072
1385   -0.021   -0.072
1386   -0.021   -0.073
1387   -0.021   -0.073
1388   -0.021   -0.073
1389   -0.021   -0.073
1390   -0.021   -0.074
1391   -0.021   -0.074
1392   -0.021   -0.074
1393   -0.021   -0.075
1394   -0.021   -0.075
1395   -0.021   -0.075
1396   -0.021   -0.076
1397   -0.021   -0.076
1398   -0.021   -0.076
1399   -0.021   -0.076
1400   -0.021   -0.077
1401   -0.021   -0.077
1402   -0.021   -0.077
1403   -0.021   -0.078
1404   -0.021   -0.078
1405   -0.021   -0.078
1406   -0.021   -0.079
1407   -0.021   -0.079
1408   -0.021   -0.079
1409   -0.021   -0.079
1410   -0.021   -0.080
1411   -0.021   -0.080
1412   -0.021   -0.080
1413   -0.021   -0.081
1414   -0.021   -0.081
1415   -0.021   -0.081
1416   -0.021   -0.082
1417   -0.021   -0.082
1418   -0.021   -0.082
1419   -0.021   -0.082
1420   -0.021   -0.083
1421   -0.021   -0.083
1422   -0.021   -0.083
1423   -0.022   -0.084
1424   -0.022   -0.084
1425   -0.022   -0.084
1426   -0.022   -0.085
1427   -0.022   -0.085
1428   -0.022   -0.085
1429   -0.022   -0.085
1430   -0.022   -0.086
1431   -0.022   -0.086
1432   -0.022   -0.086
1433   -0.022   -0.087
1434   -0.022   -0.087
1435   -0.022   -0.087
1436   -0.022   -0.088
1437   -0.022   -0.088
1438   -0.022   -0.088
1439   -0.022   -0.088
1440   -0.022   -0.089
1441   -0.022   -0.089
1442   -0.022   -0.089
1443   -0.022   -0.090
1444   -0.022   -0.090
1445   -0.022   -0.090
1446   -0.022   -0.091
1447   -0.022   -0.091
1448   -0.022   -0.091
1449   -0.022   -0.091
1450   -0.022   -0.092
1451   -0.022   -0.092
1452   -0.022   -0.092
1453   -0.022   -0.092
1454   -0.022   -0.093
1455   -0.023   -0.093
1456   -0.023   -0.093
1457   -0.023   -0.093
1458   -0.023   -0.093
1459   -0.023   -0.094
1460   -0.023   -0.094
1461   -0.023   -0.094
1462   -0.023   -0.094
1463   -0.023   -0.094
1464   -0.023   -0.095
1465   -0.023   -0.095
1466   -0.023   -0.095
1467   -0.023   -0.095
1468   -0.023   -0.095
1469   -0.023   -0.096
1470   -0.023   -0.096
1471   -0.023   -0.096
1472   -0.023   -0.096
1473   -0.023   -0.096
1474   -0.023   -0.097
1475   -0.023   -0.097
1476   -0.023   -0.097
1477   -0.023   -0.097
1478   -0.023   -0.097
1479   -0.023   -0.098
1480   -0.023   -0.098
1481   -0.023   -0.098
1482   -0.023   -0.098
1483   -0.023   -0.098
1484   -0.023   -0.099
1485   -0.023   -0.099
1486   -0.023   -0.099
1487   -0.023   -0.099
1488   -0.024   -0.099
1489   -0.024   -0.100
1490   -0.024   -0.100
1491   -0.024   -0.100
1492   -0.024   -0.100
1493   -0.024   -0.100
1494   -0.024   -0.101
1495   -0.024   -0.101
1496   -0.024   -0.101
1497   -0.024   -0.101
1498   -0.024   -0.101
1499   -0.024   -0.102
1500   -0.024   -0.102
1501   -0.024   -0.102
1502   -0.024   -0.102
1503   -0.024   -0.102
1504   -0.024   -0.103
1505   -0.024   -0.103
1506   -0.024   -0.103
1507   -0.024   -0.103
1508   -0.024   -0.103
1509   -0.024   -0.104
1510   -0.024   -0.104
1511   -0.025   -0.104
1512   -0.025   -0.104
1513   -0.025   -0.104
1514   -0.025   -0.105
1515   -0.025   -0.105
1516   -0.025   -0.105
1517   -0.025   -0.105
1518   -0.025   -0.105
1519   -0.025   -0.106
1520   -0.025   -0.106
1521   -0.025   -0.106
1522   -0.025   -0.106
1523   -0.025   -0.106
1524   -0.025   -0.107
1525   -0.025   -0.107
1526   -0.025   -0.107
1527   -0.025   -0.107
1528   -0.026   -0.107
1529   -0.026   -0.108
1530   -0.026   -0.108
1531   -0.026   -0.108
1532   -0.026   -0.108
1533   -0.026   -0.108
1534   -0.026   -0.109
1535   -0.026   -0.109
1536   -0.026   -0.109
1537   -0.026   -0.109
1538   -0.026   -0.109
1539   -0.026   -0.110
1540   -0.026   -0.110
1541   -0.026   -0.110
1542   -0.026   -0.110
1543   -0.026   -0.110
1544   -0.026   -0.111
1545   -0.026   -0.111
1546   -0.027   -0.111
1547   -0.027   -0.111
1548   -0.027   -0.111
1549   -0.027   -0.112
1550   -0.027   -0.112
1551   -0.027   -0.111
1552   -0.027   -0.111
1553   -0.027   -0.111
1554   -0.027   -0.111
1555   -0.027   -0.110
1556   -0.027   -0.110
1557   -0.027   -0.110
1558   -0.027   -0.109
1559   -0.027   -0.109
1560   -0.027   -0.109
1561   -0.027   -0.108
1562   -0.027   -0.108
1563   -0.028   -0.108
1564   -0.028   -0.108
1565   -0.028   -0.107
1566   -0.028   -0.107
1567   -0.028   -0.107
1568   -0.028   -0.106
1569   -0.028   -0.106
1570   -0.028   -0.106
1571   -0.028   -0.105
1572   -0.028   -0.105
1573   -0.028   -0.105
1574   -0.028   -0.105
1575   -0.028   -0.104
1576   -0.028   -0.104
1577   -0.028   -0.104
1578   -0.028   -0.103
1579   -0.028   -0.103
1580   -0.029   -0.103
1581   -0.029   -0.102
1582   -0.029   -0.102
1583   -0.029   -0.102
1584   -0.029   -0.102
1585   -0.029   -0.101
1586   -0.029   -0.101
1587   -0.029   -0.101
1588   -0.029   -0.100
1589   -0.029   -0.100
1590   -0.029   -0.100
1591   -0.029   -0.099
1592   -0.029   -0.099
1593   -0.029   -0.099
1594   -0.029   -0.099
1595   -0.029   -0.098
1596   -0.029   -0.098
1597   -0.029   -0.098
1598   -0.030   -0.097
1599   -0.030   -0.097
1600   -0.030   -0.097
1601   -0.030   -0.096
1602   -0.030   -0.096
1603   -0.030   -0.096
1604   -0.030   -0.096
1605   -0.030   -0.095
1606   -0.030   -0.095
1607   -0.030   -0.095
1608   -0.030   -0.094
1609   -0.030   -0.094
1610   -0.030   -0.094
1611   -0.030   -0.093
1612   -0.030   -0.093
1613   -0.030   -0.093
1614   -0.030   -0.093
1615   -0.030   -0.092
1616   -0.031   -0.092
1617   -0.031   -0.092
1618   -0.031   -0.091
1619   -0.031   -0.091
1620   -0.031   -0.091
1621   -0.031   -0.090
1622   -0.031   -0.090
1623   -0.031   -0.090
1624   -0.031   -0.090
1625   -0.031   -0.089
1626   -0.031   -0.089
1627   -0.031   -0.089
1628   -0.031   -0.088
1629   -0.031   -0.088
1630   -0.031   -0.088
1631   -0.031   -0.087
1632   -0.031   -0.087
1633   -0.031   -0.087
1634   -0.031   -0.087
1635   -0.032   -0.086
1636   -0.032   -0.086
1637   -0.032   -0.086
1638   -0.032   -0.085
1639   -0.032   -0.085
1640   -0.032   -0.085
1641   -0.032   -0.084
1642   -0.032   -0.084
1643   -0.032   -0.084
1644   -0.032   -0.084
1645   -0.032   -0.083
1646   -0.032   -0.083
1647   -0.032   -0.083
1648   -0.032   -0.082
1649   -0.032   -0.082
1650   -0.032   -0.082
1651   -0.032   -0.082
1652   -0.032   -0.082
1653   -0.033   -0.082
1654   -0.033   -0.082
1655   -0.033   -0.082
1656   -0.033   -0.082
1657   -0.033   -0.082
1658   -0.033   -0.083
1659   -0.033   -0.083
1660   -0.033   -0.083
1661   -0.033   -0.083
1662   -0.033   -0.083
1663   -0.033   -0.083
1664   -0.033   -0.083
1665   -0.033   -0.083
1666   -0.033   -0.083
1667   -0.033   -0.083
1668   -0.033   -0.084
1669   -0.033   -0.084
1670   -0.033   -0.084
1671   -0.033   -0.084
1672   -0.034   -0.084
1673   -0.034   -0.084
1674   -0.034   -0.084
1675   -0.034   -0.084
1676   -0.034   -0.084
1677   -0.034   -0.084
1678   -0.034   -0.085
1679   -0.034   -0.085
1680   -0.034   -0.085
1681   -0.034   -0.085
1682   -0.034   -0.085
1683   -0.034   -0.085
1684   -0.034   -0.085
1685   -0.034   -0.085
1686   -0.034   -0.085
1687   -0.034   -0.085
1688   -0.034   -0.086
1689   -0.034   -0.086
1690   -0.035   -0.086
1691   -0.035   -0.086
1692   -0.035   -0.086
1693   -0.035   -0.086
1694   -0.035   -0.086
1695   -0.035   -0.086
1696   -0.035   -0.086
1697   -0.035   -0.086
1698   -0.035   -0.087
1699   -0.035   -0.087
1700   -0.035   -0.087
1701   -0.035   -0.087
1702   -0.035   -0.087
1703   -0.036   -0.087
1704   -0.036   -0.087
1705   -0.036   -0.087
1706   -0.036   -0.087
1707   -0.036   -0.087
1708   -0.037   -0.088
1709   -0.037   -0.088
1710   -0.037   -0.088
1711   -0.037   -0.088
1712   -0.037   -0.088
1713   -0.038   -0.088
1714   -0.038   -0.088
1715   -0.038   -0.088
1716   -0.038   -0.088
1717   -0.038   -0.088
1718   -0.039   -0.089
1719   -0.039   -0.089
1720   -0.039   -0.089
1721   -0.039   -0.089
1722   -0.039   -0.089
1723   -0.040   -0.089
1724   -0.040   -0.089
1725   -0.040   -0.089
1726   -0.040   -0.089
1727   -0.040   -0.089
1728   -0.041   -0.090
1729   -0.041   -0.090
1730   -0.041   -0.090
1731   -0.041   -0.090
1732   -0.041   -0.090
1733   -0.042   -0.090
1734   -0.042   -0.090
1735   -0.042   -0.090
1736   -0.042   -0.090
1737   -0.042   -0.090
1738   -0.043   -0.091
1739   -0.043   -0.091
1740   -0.043   -0.091
1741   -0.043   -0.091
1742   -0.043   -0.091
1743   -0.044   -0.091
1744   -0.044   -0.091
1745   -0.044   -0.091
1746   -0.044   -0.091
1747   -0.044   -0.091
1748   -0.045   -0.092
1749   -0.045   -0.092
1750   -0.045   -0.092
1751   -0.045   -0.092
1752   -0.045   -0.093
1753   -0.046   -0.093
1754   -0.046   -0.094
1755   -0.046   -0.094
1756   -0.046   -0.095
1757   -0.046   -0.095
1758   -0.047   -0.096
1759   -0.047   -0.096
1760   -0.047   -0.097
1761   -0.047   -0.097
1762   -0.047   -0.098
1763   -0.048   -0.098
1764   -0.048   -0.099
1765   -0.048   -0.099
1766   -0.048   -0.100
1767   -0.048   -0.100
1768   -0.049   -0.101
1769   -0.049   -0.101
1770   -0.049   -0.102
1771   -0.049   -0.102
1772   -0.049   -0.103
1773   -0.049   -0.103
1774   -0.050   -0.104
1775   -0.050   -0.104
1776   -0.050   -0.105
1777   -0.050   -0.105
1778   -0.050   -0.106
1779   -0.051   -0.106
1780   -0.051   -0.107
1781   -0.051   -0.107
1782   -0.051   -0.108
1783   -0.051   -0.108
1784   -0.052   -0.109
1785   -0.052   -0.109
1786   -0.052   -0.110
1787   -0.052   -0.110
1788   -0.052   -0.111
1789   -0.053   -0.111
1790   -0.053   -0.112
1791   -0.053   -0.112
1792   -0.053   -0.113
1793   -0.053   -0.113
1794   -0.054   -0.114
1795   -0.054   -0.114
1796   -0.054   -0.115
1797   -0.054   -0.115
1798   -0.054   -0.116
1799   -0.055   -0.116
1800   -0.055   -0.117
1801   -0.055   -0.117
1802   -0.056   -0.118
1803   -0.056   -0.118
1804   -0.057   -0.119
1805   -0.057   -0.119
1806   -0.057   -0.120
1807   -0.058   -0.120
1808   -0.058   -0.121
1809   -0.059   -0.121
1810   -0.059   -0.122
1811   -0.060   -0.122
1812   -0.060   -0.123
1813   -0.060   -0.123
1814   -0.061   -0.124
1815   -0.061   -0.124
1816   -0.062   -0.125
1817   -0.062   -0.125
1818   -0.063   -0.126
1819   -0.063   -0.126
1820   -0.063   -0.127
1821   -0.064   -0.127
1822   -0.064   -0.128
1823   -0.065   -0.128
1824   -0.065   -0.129
1825   -0.066   -0.129
1826   -0.066   -0.130
1827   -0.066   -0.130
1828   -0.067   -0.131
1829   -0.067   -0.131
1830   -0.068   -0.132
1831   -0.068   -0.132
1832   -0.069   -0.133
1833   -0.069   -0.133
1834   -0.069   -0.134
1835   -0.070   -0.134
1836   -0.070   -0.135
1837   -0.071   -0.135
1838   -0.071   -0.136
1839   -0.072   -0.136
1840   -0.072   -0.137
1841   -0.073   -0.137
1842   -0.073   -0.138
1843   -0.073   -0.138
1844   -0.074   -0.139
1845   -0.074   -0.139
1846   -0.075   -0.140
1847   -0.075   -0.140
1848   -0.076   -0.141
1849   -0.076   -0.141
1850   -0.076   -0.142
1851   -0.077   -0.142
1852   -0.077   -0.143
1853   -0.078   -0.143
1854   -0.078   -0.144
1855   -0.079   -0.144
1856   -0.079   -0.145
1857   -0.079   -0.145
1858   -0.080   -0.145
1859   -0.080   -0.146
1860   -0.081   -0.146
1861   -0.081   -0.147
1862   -0.082   -0.147
1863   -0.082   -0.148
1864   -0.082   -0.148
1865   -0.083   -0.149
1866   -0.083   -0.149
1867   -0.084   -0.150
1868   -0.084   -0.150
1869   -0.085   -0.151
1870   -0.085   -0.151
1871   -0.085   -0.152
1872   -0.086   -0.152
1873   -0.086   -0.152
1874   -0.087   -0.153
1875   -0.087   -0.153
1876   -0.088   -0.154
1877   -0.088   -0.154
1878   -0.088   -0.155
1879   -0.089   -0.155
1880   -0.089   -0.156
1881   -0.090   -0.156
1882   -0.090   -0.157
1883   -0.091   -0.157
1884   -0.091   -0.158
1885   -0.091   -0.158
1886   -0.092   -0.159
1887   -0.092   -0.159
1888   -0.093   -0.159
1889   -0.093   -0.160
1890   -0.094   -0.160
1891   -0.094   -0.161
1892   -0.094   -0.161
1893   -0.095   -0.162
1894   -0.095   -0.162
1895   -0.096   -0.163
1896   -0.096   -0.163
1897   -0.097   -0.164
1898   -0.097   -0.164
1899   -0.098   -0.165
1900   -0.098   -0.165
1901   -0.099   -0.166
1902   -0.100   -0.166
1903   -0.102   -0.166
1904   -0.103   -0.167
1905   -0.104   -0.167
1906   -0.105   -0.168
1907   -0.107   -0.168
1908   -0.108   -0.169
1909   -0.109   -0.169
1910   -0.110   -0.170
1911   -0.112   -0.170
1912   -0.113   -0.171
1913   -0.114   -0.171
1914   -0.115   -0.172
1915   -0.116   -0.172
1916   -0.118   -0.173
1917   -0.119   -0.173
1918   -0.120   -0.173
1919   -0.121   -0.174
1920   -0.123   -0.174
1921   -0.124   -0.175
1922   -0.125   -0.175
1923   -0.126   -0.176
1924   -0.128   -0.176
1925   -0.129   -0.177
1926   -0.130   -0.177
1927   -0.131   -0.178
1928   -0.133   -0.178
1929   -0.134   -0.179
1930   -0.135   -0.179
1931   -0.136   -0.180
1932   -0.138   -0.180
1933   -0.139   -0.180
1934   -0.140   -0.181
1935   -0.141   -0.181
1936   -0.142   -0.182
1937   -0.144   -0.182
1938   -0.145   -0.183
1939   -0.146   -0.183
1940   -0.147   -0.184
1941   -0.149   -0.184
1942   -0.150   -0.185
1943   -0.151   -0.185
1944   -0.152   -0.186
1945   -0.154   -0.186
1946   -0.155   -0.187
1947   -0.156   -0.187
1948   -0.157   -0.187
1949   -0.159   -0.188
1950   -0.160   -0.188
1951   -0.161   -0.189
1952   -0.162   -0.189
1953   -0.163   -0.190
1954   -0.165   -0.190
1955   -0.166   -0.191
1956   -0.167   -0.191
1957   -0.168   -0.192
1958   -0.170   -0.192
1959   -0.171   -0.193
1960   -0.172   -0.193
1961   -0.173   -0.194
1962   -0.175   -0.194
1963   -0.176   -0.194
1964   -0.177   -0.195
1965   -0.178   -0.195
1966   -0.180   -0.196
1967   -0.181   -0.196
1968   -0.182   -0.197
1969   -0.183   -0.197
1970   -0.185   -0.198
1971   -0.186   -0.198
1972   -0.187   -0.199
1973   -0.188   -0.199
1974   -0.189   -0.200
1975   -0.191   -0.200
1976   -0.192   -0.201
1977   -0.193   -0.201
1978   -0.194   -0.201
1979   -0.196   -0.202
1980   -0.197   -0.202
1981   -0.198   -0.203
1982   -0.199   -0.203
1983   -0.201   -0.204
1984   -0.202   -0.204
1985   -0.203   -0.205
1986   -0.204   -0.205
1987   -0.206   -0.206
1988   -0.207   -0.206
1989   -0.208   -0.207
1990   -0.209   -0.207
1991   -0.210   -0.208
1992   -0.212   -0.208
1993   -0.212   -0.208
1994   -0.212   -0.209
1995   -0.212   -0.209
1996   -0.212   -0.210
1997   -0.212   -0.210
1998   -0.212   -0.211
1999   -0.212   -0.211
2000   -0.212   -0.212