3) Solar TSI forcing (baseline PMOD 1976-2006)

Year DB_(noback) DB_(back) MEA_(noback) MEA_(back)  SBF    VSK    SEA 
850    -0.0877  -0.1154   -0.0924   -0.1460   -0.0523   -0.0840   -0.3262
851    -0.0769  -0.1049   -0.0889   -0.1421   -0.0739   -0.1243   -0.3117
852    -0.0522  -0.0804   -0.0727   -0.1242   -0.0889   -0.1488   -0.2657
853    -0.0208  -0.0489   -0.0521   -0.1018   -0.0993   -0.1488   -0.2112
854    -0.0047  -0.0328   -0.0415   -0.0902   -0.1025   -0.1243   -0.1749
855     0.0138  -0.0142   -0.0294   -0.0770   -0.0648   -0.0840   -0.1359
856    -0.0016  -0.0299   -0.0394   -0.0879   -0.0197   -0.0403   -0.1379
857    -0.0202  -0.0487   -0.0514   -0.1010    0.0063   -0.0070   -0.1443
858    -0.0343  -0.0630   -0.0606   -0.1112    0.0335    0.0035   -0.1461
859    -0.0566  -0.0855   -0.0751   -0.1273    0.0161   -0.0088   -0.1589
860    -0.0726  -0.1016   -0.0856   -0.1389   -0.0074   -0.0437   -0.1652
861    -0.0859  -0.1149   -0.0944   -0.1487   -0.0232   -0.0875   -0.1698
862    -0.0779  -0.1070   -0.0883   -0.1424   -0.0520   -0.1260   -0.1573
863    -0.0531  -0.0818   -0.0733   -0.1263   -0.0720   -0.1505   -0.1156
864    -0.0218  -0.0498   -0.0542   -0.1059   -0.0902   -0.1505   -0.0671
865    -0.0057  -0.0334   -0.0445   -0.0957   -0.0849   -0.1277   -0.0416
866     0.0127  -0.0148   -0.0335   -0.0841   -0.0464   -0.0892   -0.0156
867    -0.0026  -0.0305   -0.0432   -0.0952    0.0041   -0.0490   -0.0383
868    -0.0211  -0.0495   -0.0549   -0.1085    0.0294   -0.0175   -0.0680
869    -0.0352  -0.0641   -0.0640   -0.1190    0.0563   -0.0070   -0.0944
870    -0.0575  -0.0872   -0.0782   -0.1351    0.0327   -0.0193   -0.1350
871    -0.0735  -0.1038   -0.0886   -0.1471    0.0026   -0.0525   -0.1696
872    -0.0869  -0.1179   -0.0973   -0.1574   -0.0191   -0.0928   -0.2034
873    -0.0775  -0.1086   -0.0889   -0.1491   -0.0569   -0.1312   -0.2021
874    -0.0545  -0.0856   -0.0771   -0.1370   -0.0850   -0.1540   -0.1951
875    -0.0253  -0.0563   -0.0619   -0.1213   -0.1071   -0.1540   -0.1829
876    -0.0103  -0.0416   -0.0544   -0.1140   -0.0834   -0.1348   -0.1902
877     0.0067  -0.0248   -0.0459   -0.1057   -0.0580   -0.1015   -0.1970
878    -0.0081  -0.0405   -0.0545   -0.1161   -0.0267   -0.0665   -0.2439
879    -0.0258  -0.0591   -0.0647   -0.1284   -0.0112   -0.0437   -0.2959
880    -0.0394  -0.0736   -0.0727   -0.1384    0.0050   -0.0368   -0.3441
881    -0.0607  -0.0960   -0.0850   -0.1530   -0.0161   -0.0525   -0.4027
882    -0.0760  -0.1122   -0.0940   -0.1642   -0.0427   -0.0823   -0.4548
883    -0.0888  -0.1259   -0.1017   -0.1739   -0.0642   -0.1190   -0.5042
884    -0.0790  -0.1162   -0.0918   -0.1646   -0.0952   -0.1523   -0.5101
885    -0.0580  -0.0954   -0.0848   -0.1580   -0.1206   -0.1715   -0.5285
886    -0.0312  -0.0688   -0.0756   -0.1490   -0.1412   -0.1732   -0.5422
887    -0.0175  -0.0553   -0.0713   -0.1455   -0.1100   -0.1593   -0.5645
888    -0.0019  -0.0398   -0.0663   -0.1410   -0.1035   -0.1365   -0.5841
889    -0.0152  -0.0537   -0.0722   -0.1487   -0.0938   -0.1138   -0.6235
890    -0.0312  -0.0702   -0.0790   -0.1574   -0.0896   -0.0980   -0.6630
891    -0.0434  -0.0828   -0.0844   -0.1642   -0.0861   -0.0980   -0.6977
892    -0.0626  -0.1024   -0.0923   -0.1739   -0.0985   -0.1103   -0.7352
893    -0.0763  -0.1164   -0.0981   -0.1811   -0.1107   -0.1330   -0.7662
894    -0.0876  -0.1279   -0.1030   -0.1872   -0.1191   -0.1593   -0.7927
895    -0.0810  -0.1211   -0.0972   -0.1816   -0.1331   -0.1803   -0.7927
896    -0.0595  -0.0993   -0.0919   -0.1760   -0.1423   -0.1908   -0.7960
897    -0.0324  -0.0716   -0.0849   -0.1685   -0.1521   -0.1925   -0.7938
898    -0.0182  -0.0570   -0.0814   -0.1646   -0.1407   -0.1803   -0.7940
899    -0.0021  -0.0404   -0.0771   -0.1597   -0.1320   -0.1628   -0.7902
900    -0.0149  -0.0531   -0.0804   -0.1633   -0.1232   -0.1435   -0.7956
901    -0.0303  -0.0684   -0.0843   -0.1673   -0.1169   -0.1277   -0.7989
902    -0.0420  -0.0799   -0.0870   -0.1697   -0.1117   -0.1225   -0.7975
903    -0.0607  -0.0984   -0.0914   -0.1740   -0.1125   -0.1277   -0.7961
904    -0.0739  -0.1112   -0.0943   -0.1764   -0.1141   -0.1435   -0.7895
905    -0.0848  -0.1217   -0.0965   -0.1779   -0.1163   -0.1628   -0.7791
906    -0.0812  -0.1175   -0.0996   -0.1799   -0.1190   -0.1785   -0.7673
907    -0.0572  -0.0925   -0.0892   -0.1673   -0.1199   -0.1873   -0.7323
908    -0.0270  -0.0612   -0.0764   -0.1517   -0.1201   -0.1855   -0.6912
909    -0.0110  -0.0443   -0.0691   -0.1422   -0.1335   -0.1697   -0.6568
910     0.0070  -0.0253   -0.0608   -0.1315   -0.1102   -0.1418   -0.6191
911    -0.0068  -0.0386   -0.0652   -0.1347   -0.0799   -0.1103   -0.5996
912    -0.0236  -0.0549   -0.0706   -0.1391   -0.0634   -0.0823   -0.5804
913    -0.0363  -0.0672   -0.0744   -0.1416   -0.0434   -0.0665   -0.5574
914    -0.0568  -0.0874   -0.0812   -0.1475   -0.0520   -0.0683   -0.5382
915    -0.0713  -0.1016   -0.0857   -0.1508   -0.0613   -0.0875   -0.5144
916    -0.0834  -0.1134   -0.0893   -0.1531   -0.0690   -0.1155   -0.4886
917    -0.0792  -0.1088   -0.0944   -0.1568   -0.0814   -0.1435   -0.4701
918    -0.0534  -0.0820   -0.0780   -0.1373   -0.0905   -0.1610   -0.4094
919    -0.0207  -0.0484   -0.0577   -0.1136   -0.0957   -0.1575   -0.3417
920    -0.0035  -0.0304   -0.0466   -0.1002   -0.1087   -0.1348   -0.2908
921     0.0160  -0.0100   -0.0344   -0.0856   -0.0697   -0.0928   -0.2380
922     0.0009  -0.0247   -0.0427   -0.0936   -0.0236   -0.0455   -0.2225
923    -0.0174  -0.0425   -0.0531   -0.1040    0.0021   -0.0053   -0.2113
924    -0.0311  -0.0556   -0.0609   -0.1117    0.0307    0.0140   -0.1966
925    -0.0531  -0.0771   -0.0738   -0.1251    0.0136    0.0070   -0.1920
926    -0.0686  -0.0919   -0.0829   -0.1345   -0.0078   -0.0280   -0.1820
927    -0.0814  -0.1038   -0.0905   -0.1423   -0.0232   -0.0753   -0.1706
928    -0.0787  -0.1001   -0.0884   -0.1395   -0.0516   -0.1173   -0.1539
929    -0.0487  -0.0686   -0.0714   -0.1207   -0.0713   -0.1435   -0.0953
930    -0.0109  -0.0291   -0.0499   -0.0973   -0.0856   -0.1435   -0.0287
931     0.0091  -0.0077   -0.0389   -0.0853   -0.0849   -0.1190    0.0140
932     0.0317   0.0165   -0.0264   -0.0718   -0.0425   -0.0770    0.0582
933     0.0148   0.0004   -0.0369   -0.0833    0.0090   -0.0298    0.0513
934    -0.0059  -0.0194   -0.0495   -0.0973    0.0357    0.0052    0.0383
935    -0.0213  -0.0340   -0.0591   -0.1081    0.0677    0.0175    0.0301
936    -0.0465  -0.0584   -0.0744   -0.1249    0.0428    0.0017    0.0083
937    -0.0642  -0.0754   -0.0854   -0.1372    0.0128   -0.0350   -0.0055
938    -0.0788  -0.0892   -0.0945   -0.1474   -0.0100   -0.0805   -0.0168
939    -0.0748  -0.0843   -0.0881   -0.1408   -0.0463   -0.1225   -0.0042
940    -0.0416  -0.0495   -0.0725   -0.1241   -0.0739   -0.1488    0.0411
941     0.0003  -0.0061   -0.0527   -0.1028   -0.0955   -0.1488    0.0959
942     0.0221   0.0167   -0.0425   -0.0920   -0.0814   -0.1260    0.1256
943     0.0467   0.0421   -0.0309   -0.0796   -0.0418   -0.0875    0.1581
944     0.0268   0.0221   -0.0408   -0.0905    0.0083   -0.0473    0.1361
945     0.0027  -0.0025   -0.0526   -0.1036    0.0325   -0.0158    0.1085
946    -0.0158  -0.0216   -0.0617   -0.1136    0.0620   -0.0053    0.0872
947    -0.0452  -0.0520   -0.0759   -0.1293    0.0378   -0.0193    0.0522
948    -0.0665  -0.0742   -0.0861   -0.1406    0.0086   -0.0508    0.0266
949    -0.0843  -0.0931   -0.0946   -0.1500   -0.0137   -0.0928    0.0046
950    -0.0711  -0.0805   -0.0891   -0.1441   -0.0472   -0.1312    0.0156
951    -0.0417  -0.0515   -0.0738   -0.1275   -0.0725   -0.1540    0.0521
952    -0.0045  -0.0144   -0.0545   -0.1066   -0.0934   -0.1540    0.0982
953     0.0143   0.0037   -0.0445   -0.0958   -0.0831   -0.1330    0.1195
954     0.0358   0.0244   -0.0332   -0.0836   -0.0425   -0.0963    0.1432
955     0.0163   0.0033   -0.0427   -0.0941    0.0107   -0.0578    0.1126
956    -0.0069  -0.0217   -0.0542   -0.1068    0.0374   -0.0280    0.0759
957    -0.0249  -0.0414   -0.0630   -0.1166    0.0677   -0.0193    0.0446
958    -0.0528  -0.0712   -0.0769   -0.1320    0.0428   -0.0315   -0.0012
959    -0.0730  -0.0932   -0.0869   -0.1431    0.0128   -0.0630   -0.0386
960    -0.0900  -0.1118   -0.0952   -0.1525   -0.0117   -0.1015   -0.0735
961    -0.0742  -0.0969   -0.0890   -0.1461   -0.0480   -0.1383   -0.0687
962    -0.0498  -0.0732   -0.0751   -0.1314   -0.0739   -0.1593   -0.0529
963    -0.0187  -0.0425   -0.0576   -0.1126   -0.0972   -0.1593   -0.0300
964    -0.0030  -0.0275   -0.0487   -0.1034   -0.0798   -0.1400   -0.0294
965     0.0150  -0.0100   -0.0386   -0.0929   -0.0462   -0.1068   -0.0275
966    -0.0012  -0.0276   -0.0477   -0.1035   -0.0050   -0.0700   -0.0729
967    -0.0206  -0.0483   -0.0587   -0.1161    0.0164   -0.0455   -0.1241
968    -0.0354  -0.0643   -0.0672   -0.1260    0.0392   -0.0368   -0.1708
969    -0.0586  -0.0887   -0.0804   -0.1411    0.0124   -0.0490   -0.2298
970    -0.0752  -0.1064   -0.0900   -0.1523   -0.0172   -0.0788   -0.2813
971    -0.0891  -0.1211   -0.0981   -0.1619   -0.0423   -0.1138   -0.3300
972    -0.0783  -0.1105   -0.0901   -0.1541   -0.0773   -0.1470   -0.3332
973    -0.0554  -0.0876   -0.0793   -0.1431   -0.1050   -0.1663   -0.3426
974    -0.0264  -0.0583   -0.0656   -0.1287   -0.1290   -0.1680   -0.3461
975    -0.0114  -0.0432   -0.0588   -0.1222   -0.0967   -0.1505   -0.3629
976     0.0056  -0.0260   -0.0510   -0.1144   -0.0822   -0.1225   -0.3772
977    -0.0087  -0.0409   -0.0587   -0.1238   -0.0624   -0.0928   -0.4210
978    -0.0259  -0.0588   -0.0679   -0.1348   -0.0546   -0.0700   -0.4664
979    -0.0390  -0.0724   -0.0751   -0.1435   -0.0434   -0.0648   -0.5066
980    -0.0598  -0.0940   -0.0860   -0.1564   -0.0607   -0.0770   -0.5525
981    -0.0748  -0.1096   -0.0940   -0.1660   -0.0788   -0.1015   -0.5909
982    -0.0873  -0.1228   -0.1007   -0.1742   -0.0952   -0.1330   -0.6249
983    -0.0781  -0.1137   -0.0935   -0.1671   -0.1146   -0.1610   -0.6250
984    -0.0569  -0.0926   -0.0854   -0.1588   -0.1290   -0.1785   -0.6285
985    -0.0300  -0.0658   -0.0749   -0.1478   -0.1430   -0.1785   -0.6259
986    -0.0164  -0.0527   -0.0696   -0.1425   -0.1275   -0.1645   -0.6296
987    -0.0009  -0.0378   -0.0635   -0.1363   -0.1164   -0.1418   -0.6297
988    -0.0148  -0.0529   -0.0692   -0.1430   -0.1001   -0.1155   -0.6469
989    -0.0315  -0.0708   -0.0759   -0.1508   -0.0900   -0.0980   -0.6637
990    -0.0445  -0.0850   -0.0811   -0.1568   -0.0804   -0.0910   -0.6759
991    -0.0646  -0.1064   -0.0890   -0.1658   -0.0865   -0.0998   -0.6909
992    -0.0792  -0.1223   -0.0947   -0.1722   -0.0960   -0.1208   -0.7007
993    -0.0914  -0.1358   -0.0993   -0.1774   -0.1014   -0.1470   -0.7076
994    -0.0799  -0.1250   -0.0963   -0.1740   -0.1094   -0.1697   -0.7010
995    -0.0626  -0.1082   -0.0877   -0.1643   -0.1158   -0.1838   -0.6843
996    -0.0405  -0.0865   -0.0768   -0.1520   -0.1191   -0.1838   -0.6632
997    -0.0293  -0.0759   -0.0711   -0.1455   -0.1247   -0.1715   -0.6505
998    -0.0165  -0.0635   -0.0645   -0.1380   -0.1032   -0.1488   -0.6365
999    -0.0280  -0.0759   -0.0695   -0.1433   -0.0764   -0.1243   -0.6418
1000   -0.0418  -0.0904   -0.0756   -0.1498   -0.0599   -0.1050   -0.6495
1001   -0.0522  -0.1015   -0.0802   -0.1547   -0.0434   -0.0980   -0.6555
1002   -0.0685  -0.1183   -0.0876   -0.1627   -0.0537   -0.1050   -0.6673
1003   -0.0801  -0.1302   -0.0929   -0.1685   -0.0683   -0.1225   -0.6767
1004   -0.0896  -0.1398   -0.0973   -0.1734   -0.0795   -0.1470   -0.6861
1005   -0.0845  -0.1345   -0.0947   -0.1705   -0.0954   -0.1697   -0.6838
1006   -0.0658  -0.1148   -0.0864   -0.1614   -0.1080   -0.1838   -0.6760
1007   -0.0420  -0.0898   -0.0759   -0.1500   -0.1185   -0.1838   -0.6663
1008   -0.0292  -0.0760   -0.0706   -0.1445   -0.1107   -0.1732   -0.6663
1009   -0.0148  -0.0604   -0.0647   -0.1383   -0.0949   -0.1523   -0.6668
1010   -0.0253  -0.0702   -0.0703   -0.1450   -0.0760   -0.1312   -0.6865
1011   -0.0381  -0.0824   -0.0770   -0.1530   -0.0662   -0.1155   -0.7093
1012   -0.0477  -0.0912   -0.0823   -0.1596   -0.0548   -0.1103   -0.7310
1013   -0.0634  -0.1064   -0.0905   -0.1694   -0.0708   -0.1190   -0.7581
1014   -0.0745  -0.1170   -0.0966   -0.1770   -0.0873   -0.1365   -0.7827
1015   -0.0837  -0.1257   -0.1019   -0.1839   -0.1025   -0.1593   -0.8064
1016   -0.0811  -0.1225   -0.0949   -0.1774   -0.1218   -0.1803   -0.8100
1017   -0.0603  -0.1010   -0.0906   -0.1735   -0.1383   -0.1925   -0.8198
1018   -0.0341  -0.0742   -0.0850   -0.1682   -0.1511   -0.1943   -0.8274
1019   -0.0207  -0.0605   -0.0826   -0.1665   -0.1285   -0.1855   -0.8387
1020   -0.0055  -0.0454   -0.0797   -0.1642   -0.1283   -0.1732   -0.8485
1021   -0.0185  -0.0591   -0.0837   -0.1699   -0.1288   -0.1593   -0.8669
1022   -0.0342  -0.0758   -0.0885   -0.1764   -0.1299   -0.1523   -0.8848
1023   -0.0465  -0.0892   -0.0922   -0.1817   -0.1288   -0.1523   -0.8997
1024   -0.0657  -0.1101   -0.0977   -0.1888   -0.1329   -0.1593   -0.9151
1025   -0.0800  -0.1260   -0.1017   -0.1944   -0.1391   -0.1732   -0.9267
1026   -0.0922  -0.1401   -0.1052   -0.1992   -0.1430   -0.1873   -0.9353
1027   -0.0775  -0.1270   -0.0993   -0.1935   -0.1481   -0.1995   -0.9329
1028   -0.0648  -0.1162   -0.0978   -0.1923   -0.1487   -0.2065   -0.9274
1029   -0.0485  -0.1018   -0.0958   -0.1903   -0.1489   -0.2083   -0.9181
1030   -0.0410  -0.0966   -0.0949   -0.1897   -0.1495   -0.2030   -0.9098
1031   -0.0323  -0.0903   -0.0938   -0.1889   -0.1419   -0.1943   -0.8987
1032   -0.0432  -0.1040   -0.0955   -0.1914   -0.1327   -0.1838   -0.8929
1033   -0.0559  -0.1196   -0.0974   -0.1942   -0.1253   -0.1785   -0.8857
1034   -0.0662  -0.1326   -0.0990   -0.1965   -0.1174   -0.1785   -0.8756
1035   -0.0811  -0.1504   -0.1011   -0.1995   -0.1158   -0.1820   -0.8655
1036   -0.0924  -0.1645   -0.1026   -0.2017   -0.1166   -0.1890   -0.8524
1037   -0.1020  -0.1768   -0.1039   -0.2035   -0.1164   -0.1978   -0.8374
1038   -0.0845  -0.1615   -0.1019   -0.2014   -0.1182   -0.2065   -0.8269
1039   -0.0813  -0.1604   -0.1009   -0.2001   -0.1184   -0.2100   -0.7947
1040   -0.0767  -0.1577   -0.0997   -0.1984   -0.1163   -0.2100   -0.7587
1041   -0.0750  -0.1578   -0.0990   -0.1976   -0.1317   -0.2048   -0.7296
1042   -0.0727  -0.1572   -0.0983   -0.1966   -0.1095   -0.1960   -0.6991
1043   -0.0770  -0.1633   -0.0990   -0.1977   -0.0823   -0.1855   -0.6849
1044   -0.0819  -0.1696   -0.0998   -0.1989   -0.0665   -0.1767   -0.6725
1045   -0.0856  -0.1746   -0.1005   -0.1998   -0.0491   -0.1732   -0.6583
1046   -0.0908  -0.1809   -0.1014   -0.2011   -0.0570   -0.1732   -0.6486
1047   -0.0945  -0.1854   -0.1020   -0.2019   -0.0673   -0.1803   -0.6366
1048   -0.0975  -0.1888   -0.1024   -0.2024   -0.0761   -0.1908   -0.6241
1049   -0.0935  -0.1848   -0.1028   -0.2025   -0.0911   -0.1995   -0.6137
1050   -0.0900  -0.1812   -0.1010   -0.1999   -0.1012   -0.2065   -0.5779
1051   -0.0854  -0.1764   -0.0986   -0.1965   -0.1094   -0.2048   -0.5381
1052   -0.0827  -0.1733   -0.0973   -0.1945   -0.1115   -0.1978   -0.5109
1053   -0.0796  -0.1696   -0.0958   -0.1921   -0.0851   -0.1838   -0.4831
1054   -0.0811  -0.1703   -0.0964   -0.1926   -0.0540   -0.1697   -0.4822
1055   -0.0828  -0.1711   -0.0972   -0.1933   -0.0361   -0.1575   -0.4847
1056   -0.0837  -0.1710   -0.0976   -0.1934   -0.0177   -0.1523   -0.4849
1057   -0.0857  -0.1718   -0.0986   -0.1941   -0.0310   -0.1540   -0.4923
1058   -0.0867  -0.1714   -0.0990   -0.1941   -0.0492   -0.1645   -0.4957
1059   -0.0873  -0.1704   -0.0992   -0.1937   -0.0630   -0.1785   -0.4978
1060   -0.0946  -0.1759   -0.1025   -0.1963   -0.0850   -0.1925   -0.4899
1061   -0.0836  -0.1632   -0.0973   -0.1893   -0.1007   -0.1995   -0.4609
1062   -0.0701  -0.1478   -0.0908   -0.1809   -0.1137   -0.1995   -0.4265
1063   -0.0622  -0.1379   -0.0871   -0.1756   -0.1062   -0.1890   -0.4058
1064   -0.0535  -0.1271   -0.0828   -0.1698   -0.0816   -0.1732   -0.3834
1065   -0.0575  -0.1290   -0.0846   -0.1708   -0.0522   -0.1558   -0.3910
1066   -0.0628  -0.1319   -0.0870   -0.1724   -0.0361   -0.1418   -0.4014
1067   -0.0663  -0.1332   -0.0885   -0.1730   -0.0177   -0.1348   -0.4077
1068   -0.0730  -0.1376   -0.0914   -0.1751   -0.0328   -0.1365   -0.4210
1069   -0.0772  -0.1394   -0.0931   -0.1758   -0.0492   -0.1488   -0.4284
1070   -0.0804  -0.1403   -0.0943   -0.1759   -0.0630   -0.1663   -0.4329
1071   -0.0897  -0.1477   -0.0997   -0.1801   -0.0832   -0.1820   -0.4231
1072   -0.0697  -0.1250   -0.0891   -0.1670   -0.0989   -0.1925   -0.3900
1073   -0.0449  -0.0975   -0.0760   -0.1511   -0.1102   -0.1925   -0.3497
1074   -0.0311  -0.0813   -0.0687   -0.1415   -0.1079   -0.1803   -0.3241
1075   -0.0158  -0.0634   -0.0605   -0.1309   -0.0784   -0.1593   -0.2957
1076   -0.0252  -0.0707   -0.0649   -0.1344   -0.0431   -0.1348   -0.3007
1077   -0.0369  -0.0803   -0.0706   -0.1393   -0.0231   -0.1138   -0.3085
1078   -0.0455  -0.0868   -0.0747   -0.1423   -0.0006   -0.1033   -0.3114
1079   -0.0601  -0.0995   -0.0819   -0.1489   -0.0159   -0.1050   -0.3223
1080   -0.0701  -0.1077   -0.0867   -0.1529   -0.0347   -0.1190   -0.3265
1081   -0.0783  -0.1142   -0.0905   -0.1558   -0.0486   -0.1418   -0.3280
1082   -0.0825  -0.1169   -0.0944   -0.1585   -0.0716   -0.1645   -0.3154
1083   -0.0562  -0.0885   -0.0792   -0.1406   -0.0876   -0.1767   -0.2745
1084   -0.0234  -0.0536   -0.0602   -0.1187   -0.1006   -0.1750   -0.2260
1085   -0.0060  -0.0344   -0.0499   -0.1063   -0.0990   -0.1575   -0.1957
1086    0.0137  -0.0132   -0.0384   -0.0926   -0.0641   -0.1260   -0.1632
1087   -0.0007  -0.0268   -0.0463   -0.1002   -0.0204   -0.0928   -0.1711
1088   -0.0184  -0.0437   -0.0559   -0.1098    0.0031   -0.0630   -0.1834
1089   -0.0317  -0.0564   -0.0632   -0.1169    0.0278   -0.0490   -0.1915
1090   -0.0534  -0.0777   -0.0753   -0.1293    0.0093   -0.0543   -0.2102
1091   -0.0687  -0.0927   -0.0838   -0.1380   -0.0152   -0.0770   -0.2227
1092   -0.0815  -0.1051   -0.0908   -0.1450   -0.0321   -0.1103   -0.2332
1093   -0.0771  -0.1002   -0.0898   -0.1433   -0.0617   -0.1418   -0.2235
1094   -0.0496  -0.0718   -0.0729   -0.1244   -0.0810   -0.1593   -0.1905
1095   -0.0150  -0.0363   -0.0516   -0.1008   -0.0986   -0.1575   -0.1506
1096    0.0029  -0.0179   -0.0404   -0.0883   -0.0894   -0.1365   -0.1312
1097    0.0232   0.0027   -0.0278   -0.0742   -0.0546   -0.0998   -0.1105
1098    0.0065  -0.0145   -0.0377   -0.0847   -0.0106   -0.0613   -0.1333
1099   -0.0138  -0.0353   -0.0497   -0.0975    0.0105   -0.0315   -0.1614
1100   -0.0293  -0.0515   -0.0588   -0.1073    0.0364   -0.0193   -0.1855
1101   -0.0540  -0.0771   -0.0734   -0.1231    0.0134   -0.0298   -0.2211
1102   -0.0717  -0.0958   -0.0839   -0.1343   -0.0123   -0.0595   -0.2500
1103   -0.0867  -0.1116   -0.0926   -0.1437   -0.0336   -0.0980   -0.2765
1104   -0.0757  -0.1011   -0.0881   -0.1387   -0.0664   -0.1330   -0.2724
1105   -0.0511  -0.0767   -0.0712   -0.1203   -0.0920   -0.1558   -0.2566
1106   -0.0198  -0.0455   -0.0498   -0.0970   -0.1122   -0.1558   -0.2338
1107   -0.0038  -0.0300   -0.0387   -0.0850   -0.0922   -0.1365   -0.2279
1108    0.0144  -0.0121   -0.0261   -0.0714   -0.0679   -0.1033   -0.2195
1109   -0.0015  -0.0289   -0.0365   -0.0827   -0.0344   -0.0683   -0.2479
1110   -0.0205  -0.0489   -0.0490   -0.0963   -0.0196   -0.0420   -0.2792
1111   -0.0350  -0.0642   -0.0586   -0.1068   -0.0006   -0.0350   -0.3047
1112   -0.0578  -0.0878   -0.0737   -0.1233   -0.0212   -0.0490   -0.3382
1113   -0.0740  -0.1046   -0.0845   -0.1352   -0.0434   -0.0788   -0.3633
1114   -0.0874  -0.1184   -0.0936   -0.1451   -0.0608   -0.1155   -0.3839
1115   -0.0796  -0.1103   -0.0881   -0.1392   -0.0891   -0.1488   -0.3768
1116   -0.0543  -0.0844   -0.0715   -0.1213   -0.1086   -0.1680   -0.3539
1117   -0.0222  -0.0515   -0.0506   -0.0986   -0.1251   -0.1680   -0.3223
1118   -0.0052  -0.0337   -0.0397   -0.0868   -0.1115   -0.1505   -0.3041
1119    0.0142  -0.0132   -0.0274   -0.0735   -0.0851   -0.1225   -0.2817
1120   -0.0004  -0.0269   -0.0376   -0.0846   -0.0540   -0.0928   -0.2918
1121   -0.0178  -0.0434   -0.0498   -0.0979   -0.0361   -0.0700   -0.3032
1122   -0.0307  -0.0549   -0.0591   -0.1080   -0.0177   -0.0630   -0.3083
1123   -0.0516  -0.0744   -0.0739   -0.1240   -0.0293   -0.0735   -0.3202
1124   -0.0660  -0.0871   -0.0844   -0.1354   -0.0440   -0.0980   -0.3243
1125   -0.0776  -0.0967   -0.0932   -0.1448   -0.0543   -0.1295   -0.3244
1126   -0.0804  -0.0973   -0.0884   -0.1396   -0.0727   -0.1558   -0.3099
1127   -0.0459  -0.0600   -0.0715   -0.1211   -0.0849   -0.1697   -0.2651
1128   -0.0027  -0.0138   -0.0501   -0.0977   -0.0944   -0.1680   -0.2120
1129    0.0206   0.0122   -0.0389   -0.0855   -0.1025   -0.1488   -0.1773
1130    0.0468   0.0412   -0.0263   -0.0716   -0.0609   -0.1138   -0.1402
1131    0.0286   0.0250   -0.0366   -0.0828   -0.0113   -0.0735   -0.1443
1132    0.0063   0.0045   -0.0490   -0.0963    0.0161   -0.0403   -0.1532
1133   -0.0105  -0.0104   -0.0585   -0.1067    0.0449   -0.0245   -0.1579
1134   -0.0382  -0.0366   -0.0736   -0.1232    0.0244   -0.0298   -0.1739
1135   -0.0576  -0.0546   -0.0845   -0.1351   -0.0007   -0.0560   -0.1838
1136   -0.0737  -0.0694   -0.0936   -0.1452   -0.0194   -0.0928   -0.1922
1137   -0.0717  -0.0663   -0.0874   -0.1387   -0.0501   -0.1295   -0.1817
1138   -0.0327  -0.0253   -0.0716   -0.1217   -0.0750   -0.1505   -0.1454
1139    0.0164   0.0256   -0.0515   -0.1003   -0.0943   -0.1488   -0.1022
1140    0.0420   0.0524   -0.0414   -0.0897   -0.0833   -0.1243   -0.0808
1141    0.0708   0.0822   -0.0299   -0.0778   -0.0480   -0.0805   -0.0582
1142    0.0475   0.0588   -0.0403   -0.0898   -0.0050   -0.0315   -0.0817
1143    0.0193   0.0300   -0.0528   -0.1043    0.0147    0.0070   -0.1107
1144   -0.0025   0.0075   -0.0626   -0.1158    0.0392    0.0245   -0.1355
1145   -0.0370  -0.0283   -0.0777   -0.1332    0.0141    0.0140   -0.1722
1146   -0.0620  -0.0545   -0.0888   -0.1462   -0.0137   -0.0298   -0.2017
1147   -0.0831  -0.0770   -0.0981   -0.1574   -0.0370   -0.0805   -0.2284
1148   -0.0666  -0.0615   -0.0885   -0.1481   -0.0703   -0.1260   -0.2234
1149   -0.0332  -0.0288   -0.0768   -0.1363   -0.0945   -0.1523   -0.2047
1150    0.0092   0.0130   -0.0617   -0.1208   -0.1167   -0.1558   -0.1783
1151    0.0305   0.0331   -0.0543   -0.1137   -0.0974   -0.1383   -0.1700
1152    0.0548   0.0562   -0.0457   -0.1052   -0.0703   -0.1085   -0.1590
1153    0.0322   0.0314   -0.0542   -0.1154   -0.0337   -0.0788   -0.1877
1154    0.0053   0.0020   -0.0642   -0.1273   -0.0147   -0.0613   -0.2198
1155   -0.0156  -0.0212   -0.0719   -0.1366    0.0050   -0.0613   -0.2465
1156   -0.0480  -0.0562   -0.0838   -0.1503   -0.0126   -0.0753   -0.2824
1157   -0.0715  -0.0822   -0.0924   -0.1605   -0.0339   -0.1015   -0.3104
1158   -0.0913  -0.1044   -0.0997   -0.1691   -0.0502   -0.1348   -0.3349
1159   -0.0707  -0.0853   -0.0927   -0.1621   -0.0760   -0.1628   -0.3290
1160   -0.0450  -0.0608   -0.0828   -0.1517   -0.0926   -0.1785   -0.3111
1161   -0.0120  -0.0289   -0.0700   -0.1381   -0.1079   -0.1803   -0.2858
1162    0.0044  -0.0138   -0.0635   -0.1312   -0.0991   -0.1680   -0.2761
1163    0.0233   0.0039   -0.0560   -0.1231   -0.0703   -0.1488   -0.2637
1164    0.0054  -0.0160   -0.0624   -0.1304   -0.0337   -0.1277   -0.2863
1165   -0.0159  -0.0392   -0.0701   -0.1389   -0.0165   -0.1155   -0.3118
1166   -0.0322  -0.0573   -0.0760   -0.1454    0.0050   -0.1050   -0.3325
1167   -0.0575  -0.0842   -0.0852   -0.1556   -0.0126   -0.1103   -0.3615
1168   -0.0756  -0.1038   -0.0917   -0.1627   -0.0357   -0.1260   -0.3835
1169   -0.0907  -0.1200   -0.0972   -0.1687   -0.0537   -0.1470   -0.4023
1170   -0.0776  -0.1074   -0.0942   -0.1653   -0.0795   -0.1697   -0.3961
1171   -0.0541  -0.0838   -0.0836   -0.1535   -0.0996   -0.1820   -0.3760
1172   -0.0242  -0.0534   -0.0702   -0.1386   -0.1167   -0.1803   -0.3490
1173   -0.0088  -0.0378   -0.0631   -0.1307   -0.1027   -0.1645   -0.3360
1174    0.0089  -0.0197   -0.0552   -0.1218   -0.0799   -0.1400   -0.3202
1175   -0.0058  -0.0349   -0.0615   -0.1286   -0.0487   -0.1103   -0.3363
1176   -0.0234  -0.0529   -0.0691   -0.1368   -0.0343   -0.0875   -0.3547
1177   -0.0367  -0.0665   -0.0749   -0.1430   -0.0177   -0.0805   -0.3678
1178   -0.0579  -0.0882   -0.0841   -0.1530   -0.0328   -0.0875   -0.3879
1179   -0.0730  -0.1034   -0.0907   -0.1599   -0.0510   -0.1085   -0.4008
1180   -0.0854  -0.1160   -0.0960   -0.1656   -0.0648   -0.1348   -0.4100
1181   -0.0791  -0.1092   -0.0941   -0.1632   -0.0867   -0.1610   -0.4002
1182   -0.0543  -0.0834   -0.0824   -0.1501   -0.1024   -0.1767   -0.3690
1183   -0.0229  -0.0509   -0.0676   -0.1335   -0.1137   -0.1767   -0.3299
1184   -0.0066  -0.0339   -0.0598   -0.1245   -0.1105   -0.1593   -0.3055
1185    0.0119  -0.0146   -0.0510   -0.1144   -0.0787   -0.1330   -0.2779
1186   -0.0030  -0.0298   -0.0576   -0.1214   -0.0410   -0.1050   -0.2843
1187   -0.0210  -0.0482   -0.0658   -0.1299   -0.0207   -0.0823   -0.2934
1188   -0.0348  -0.0623   -0.0718   -0.1362    0.0022   -0.0735   -0.2974
1189   -0.0567  -0.0850   -0.0817   -0.1466   -0.0116   -0.0823   -0.3097
1190   -0.0725  -0.1013   -0.0887   -0.1538   -0.0308   -0.1033   -0.3153
1191   -0.0856  -0.1151   -0.0944   -0.1598   -0.0432   -0.1330   -0.3182
1192   -0.0775  -0.1068   -0.0927   -0.1574   -0.0668   -0.1593   -0.3061
1193   -0.0537  -0.0828   -0.0797   -0.1428   -0.0831   -0.1750   -0.2669
1194   -0.0234  -0.0523   -0.0633   -0.1247   -0.0964   -0.1750   -0.2206
1195   -0.0079  -0.0368   -0.0548   -0.1151   -0.0964   -0.1593   -0.1928
1196    0.0097  -0.0193   -0.0452   -0.1044   -0.0610   -0.1330   -0.1634
1197   -0.0053  -0.0352   -0.0529   -0.1128   -0.0166   -0.1033   -0.1746
1198   -0.0234  -0.0542   -0.0623   -0.1230    0.0056   -0.0805   -0.1907
1199   -0.0373  -0.0689   -0.0694   -0.1309    0.0307   -0.0718   -0.2028
1200   -0.0591  -0.0917   -0.0809   -0.1435    0.0101   -0.0805   -0.2260
1201   -0.0748  -0.1083   -0.0891   -0.1527   -0.0148   -0.1015   -0.2429
1202   -0.0879  -0.1222   -0.0961   -0.1606   -0.0337   -0.1312   -0.2582
1203   -0.0783  -0.1126   -0.0907   -0.1551   -0.0638   -0.1575   -0.2506
1204   -0.0562  -0.0907   -0.0796   -0.1435   -0.0870   -0.1732   -0.2236
1205   -0.0281  -0.0628   -0.0655   -0.1287   -0.1049   -0.1732   -0.1902
1206   -0.0138  -0.0487   -0.0586   -0.1218   -0.0930   -0.1593   -0.1757
1207    0.0026  -0.0326   -0.0506   -0.1139   -0.0614   -0.1348   -0.1597
1208   -0.0114  -0.0473   -0.0584   -0.1232   -0.0232   -0.1103   -0.1845
1209   -0.0283  -0.0649   -0.0676   -0.1343   -0.0025   -0.0928   -0.2137
1210   -0.0412  -0.0784   -0.0749   -0.1431    0.0193   -0.0875   -0.2383
1211   -0.0616  -0.0995   -0.0859   -0.1562   -0.0000   -0.0980   -0.2730
1212   -0.0762  -0.1147   -0.0940   -0.1660   -0.0251   -0.1208   -0.3003
1213   -0.0884  -0.1276   -0.1009   -0.1745   -0.0445   -0.1488   -0.3244
1214   -0.0792  -0.1186   -0.0931   -0.1670   -0.0745   -0.1715   -0.3193
1215   -0.0588  -0.0984   -0.0855   -0.1593   -0.0963   -0.1855   -0.3004
1216   -0.0329  -0.0728   -0.0755   -0.1490   -0.1148   -0.1873   -0.2737
1217   -0.0197  -0.0600   -0.0706   -0.1443   -0.0983   -0.1750   -0.2621
1218   -0.0047  -0.0453   -0.0649   -0.1387   -0.0739   -0.1540   -0.2467
1219   -0.0179  -0.0592   -0.0706   -0.1456   -0.0424   -0.1330   -0.2658
1220   -0.0337  -0.0757   -0.0772   -0.1535   -0.0270   -0.1173   -0.2865
1221   -0.0459  -0.0886   -0.0824   -0.1597   -0.0092   -0.1138   -0.3005
1222   -0.0649  -0.1084   -0.0902   -0.1688   -0.0270   -0.1208   -0.3210
1223   -0.0786  -0.1228   -0.0958   -0.1754   -0.0463   -0.1383   -0.3324
1224   -0.0901  -0.1348   -0.1004   -0.1806   -0.0610   -0.1593   -0.3385
1225   -0.0810  -0.1264   -0.0970   -0.1770   -0.0844   -0.1785   -0.3250
1226   -0.0626  -0.1080   -0.0891   -0.1681   -0.1011   -0.1890   -0.2822
1227   -0.0392  -0.0844   -0.0790   -0.1566   -0.1150   -0.1890   -0.2289
1228   -0.0271  -0.0723   -0.0737   -0.1504   -0.1096   -0.1767   -0.1912
1229   -0.0133  -0.0583   -0.0675   -0.1431   -0.0779   -0.1540   -0.1485
1230   -0.0248  -0.0701   -0.0720   -0.1477   -0.0365   -0.1295   -0.1440
1231   -0.0386  -0.0840   -0.0773   -0.1532   -0.0151   -0.1103   -0.1412
1232   -0.0491  -0.0944   -0.0813   -0.1571    0.0107   -0.0998   -0.1315
1233   -0.0656  -0.1110   -0.0878   -0.1638   -0.0023   -0.1050   -0.1304
1234   -0.0773  -0.1225   -0.0922   -0.1682   -0.0192   -0.1208   -0.1207
1235   -0.0868  -0.1317   -0.0958   -0.1715   -0.0308   -0.1453   -0.1073
1236   -0.0837  -0.1280   -0.0965   -0.1714   -0.0523   -0.1680   -0.0856
1237   -0.0625  -0.1056   -0.0859   -0.1589   -0.0661   -0.1820   -0.0172
1238   -0.0356  -0.0773   -0.0725   -0.1435   -0.0767   -0.1803    0.0608
1239   -0.0213  -0.0618   -0.0653   -0.1349   -0.0891   -0.1663    0.1129
1240   -0.0051  -0.0442   -0.0572   -0.1253   -0.0374   -0.1418    0.1665
1241   -0.0169  -0.0552   -0.0628   -0.1308    0.0268   -0.1138    0.1635
1242   -0.0312  -0.0689   -0.0698   -0.1379    0.0626   -0.0928    0.1523
1243   -0.0420  -0.0789   -0.0749   -0.1430    0.0990   -0.0840    0.1445
1244   -0.0596  -0.0961   -0.0835   -0.1519    0.0741   -0.0910    0.1195
1245   -0.0721  -0.1080   -0.0895   -0.1582    0.0415   -0.1103    0.1003
1246   -0.0824  -0.1179   -0.0946   -0.1634    0.0188   -0.1383    0.0807
1247   -0.0793  -0.1140   -0.0932   -0.1615   -0.0210   -0.1645    0.0891
1248   -0.0562  -0.0903   -0.0818   -0.1489   -0.0524   -0.1785    0.1204
1249   -0.0271  -0.0608   -0.0676   -0.1332   -0.0788   -0.1785    0.1570
1250   -0.0122  -0.0459   -0.0603   -0.1252   -0.0621   -0.1645    0.1641
1251    0.0046  -0.0294   -0.0520   -0.1162   -0.0211   -0.1418    0.1694
1252   -0.0099  -0.0448   -0.0590   -0.1241    0.0314   -0.1155    0.1155
1253   -0.0275  -0.0635   -0.0675   -0.1337    0.0542   -0.0963    0.0517
1254   -0.0412  -0.0785   -0.0741   -0.1413    0.0791   -0.0910   -0.0097
1255   -0.0626  -0.1015   -0.0845   -0.1531    0.0477   -0.0998   -0.0885
1256   -0.0783  -0.1190   -0.0921   -0.1621    0.0091   -0.1208   -0.1609
1257   -0.0918  -0.1343   -0.0986   -0.1699   -0.0202   -0.1470   -0.2324
1258   -0.0766  -0.1205   -0.0921   -0.1636   -0.0672   -0.1697   -0.2443
1259   -0.0612  -0.1070   -0.0839   -0.1553   -0.1032   -0.1838   -0.2780
1260   -0.0415  -0.0893   -0.0734   -0.1445   -0.1363   -0.1838   -0.3078
1261   -0.0321  -0.0820   -0.0683   -0.1399   -0.0872   -0.1715   -0.3520
1262   -0.0212  -0.0734   -0.0625   -0.1344   -0.0810   -0.1523   -0.3949
1263   -0.0334  -0.0878   -0.0688   -0.1424   -0.0707   -0.1295   -0.4674
1264   -0.0476  -0.1043   -0.0763   -0.1518   -0.0714   -0.1155   -0.5422
1265   -0.0588  -0.1177   -0.0822   -0.1595   -0.0690   -0.1103   -0.6121
1266   -0.0755  -0.1364   -0.0911   -0.1705   -0.0887   -0.1190   -0.6878
1267   -0.0878  -0.1506   -0.0978   -0.1790   -0.1085   -0.1383   -0.7561
1268   -0.0981  -0.1626   -0.1035   -0.1865   -0.1239   -0.1610   -0.8197
1269   -0.0844  -0.1502   -0.0951   -0.1786   -0.1460   -0.1803   -0.8317
1270   -0.0745  -0.1415   -0.0913   -0.1753   -0.1625   -0.1925   -0.8756
1271   -0.0615  -0.1294   -0.0862   -0.1706   -0.1792   -0.1943   -0.9155
1272   -0.0549  -0.1236   -0.0841   -0.1692   -0.1575   -0.1855   -0.9539
1273   -0.0473  -0.1164   -0.0815   -0.1673   -0.1610   -0.1715   -0.9885
1274   -0.0542  -0.1237   -0.0853   -0.1729   -0.1645   -0.1558   -1.0234
1275   -0.0624  -0.1321   -0.0898   -0.1791   -0.1697   -0.1453   -1.0552
1276   -0.0685  -0.1381   -0.0934   -0.1842   -0.1732   -0.1453   -1.0830
1277   -0.0781  -0.1475   -0.0985   -0.1911   -0.1767   -0.1540   -1.1084
1278   -0.0847  -0.1538   -0.1024   -0.1965   -0.1767   -0.1680   -1.1299
1279   -0.0901  -0.1587   -0.1057   -0.2012   -0.1767   -0.1855   -1.1480
1280   -0.0884  -0.1565   -0.0994   -0.1953   -0.1767   -0.1995   -1.1566
1281   -0.0757  -0.1431   -0.0988   -0.1951   -0.1767   -0.2065   -1.1678
1282   -0.0598  -0.1264   -0.0979   -0.1944   -0.1767   -0.2083   -1.1765
1283   -0.0512  -0.1172   -0.0977   -0.1948   -0.1750   -0.2048   -1.1830
1284   -0.0417  -0.1070   -0.0973   -0.1949   -0.1732   -0.1978   -1.1875
1285   -0.0488  -0.1136   -0.0987   -0.1974   -0.1715   -0.1925   -1.1903
1286   -0.0575  -0.1220   -0.1002   -0.2000   -0.1697   -0.1890   -1.1917
1287   -0.0641  -0.1284   -0.1015   -0.2021   -0.1680   -0.1908   -1.1917
1288   -0.0749  -0.1392   -0.1031   -0.2048   -0.1663   -0.1960   -1.1907
1289   -0.0827  -0.1471   -0.1043   -0.2069   -0.1645   -0.2030   -1.1889
1290   -0.0893  -0.1539   -0.1054   -0.2086   -0.1645   -0.2117   -1.1864
1291   -0.0847  -0.1495   -0.1032   -0.2059   -0.1628   -0.2170   -1.1833
1292   -0.0736  -0.1389   -0.1035   -0.2066   -0.1610   -0.2205   -1.1799
1293   -0.0596  -0.1255   -0.1038   -0.2072   -0.1610   -0.2223   -1.1763
1294   -0.0527  -0.1193   -0.1040   -0.2077   -0.1593   -0.2223   -1.1725
1295   -0.0449  -0.1124   -0.1042   -0.2082   -0.1593   -0.2223   -1.1686
1296   -0.0528  -0.1214   -0.1044   -0.2087   -0.1575   -0.2205   -1.1647
1297   -0.0623  -0.1322   -0.1046   -0.2091   -0.1575   -0.2205   -1.1609
1298   -0.0698  -0.1411   -0.1047   -0.2094   -0.1575   -0.2205   -1.1570
1299   -0.0812  -0.1540   -0.1048   -0.2096   -0.1575   -0.2205   -1.1533
1300   -0.0897  -0.1641   -0.1049   -0.2098   -0.1575   -0.2223   -1.1496
1301   -0.0971  -0.1730   -0.1050   -0.2100   -0.1575   -0.2240   -1.1459
1302   -0.0860  -0.1634   -0.1050   -0.2101   -0.1575   -0.2258   -1.1422
1303   -0.0812  -0.1601   -0.1051   -0.2102   -0.1575   -0.2275   -1.1384
1304   -0.0749  -0.1551   -0.1051   -0.2102   -0.1575   -0.2275   -1.1346
1305   -0.0721  -0.1536   -0.1051   -0.2103   -0.1575   -0.2275   -1.1306
1306   -0.0686  -0.1515   -0.1051   -0.2103   -0.1575   -0.2258   -1.1264
1307   -0.0733  -0.1573   -0.1052   -0.2104   -0.1575   -0.2240   -1.1220
1308   -0.0786  -0.1638   -0.1052   -0.2104   -0.1575   -0.2223   -1.1172
1309   -0.0828  -0.1691   -0.1052   -0.2104   -0.1558   -0.2205   -1.1121
1310   -0.0889  -0.1763   -0.1052   -0.2105   -0.1558   -0.2205   -1.1065
1311   -0.0935  -0.1819   -0.1052   -0.2105   -0.1540   -0.2205   -1.1005
1312   -0.0974  -0.1867   -0.1052   -0.2105   -0.1540   -0.2223   -1.0939
1313   -0.0906  -0.1807   -0.1052   -0.2104   -0.1523   -0.2223   -1.0879
1314   -0.0888  -0.1798   -0.1052   -0.2104   -0.1505   -0.2240   -1.0793
1315   -0.0864  -0.1781   -0.1051   -0.2104   -0.1505   -0.2223   -1.0697
1316   -0.0854  -0.1778   -0.1051   -0.2103   -0.1522   -0.2223   -1.0598
1317   -0.0841  -0.1771   -0.1051   -0.2101   -0.1483   -0.2188   -1.0489
1318   -0.0860  -0.1796   -0.1050   -0.2099   -0.1439   -0.2152   -1.0381
1319   -0.0881  -0.1822   -0.1048   -0.2097   -0.1407   -0.2135   -1.0265
1320   -0.0898  -0.1843   -0.1047   -0.2093   -0.1374   -0.2117   -1.0137
1321   -0.0922  -0.1870   -0.1044   -0.2087   -0.1369   -0.2117   -1.0000
1322   -0.0939  -0.1890   -0.1042   -0.2081   -0.1367   -0.2152   -0.9849
1323   -0.0953  -0.1906   -0.1038   -0.2074   -0.1362   -0.2170   -0.9684
1324   -0.0938  -0.1892   -0.1046   -0.2084   -0.1364   -0.2205   -0.9605
1325   -0.0919  -0.1873   -0.1035   -0.2063   -0.1360   -0.2223   -0.9338
1326   -0.0895  -0.1848   -0.1022   -0.2039   -0.1354   -0.2223   -0.9037
1327   -0.0880  -0.1832   -0.1013   -0.2020   -0.1450   -0.2188   -0.8765
1328   -0.0863  -0.1811   -0.1002   -0.1999   -0.1319   -0.2135   -0.8473
1329   -0.0870  -0.1812   -0.1000   -0.1991   -0.1162   -0.2083   -0.8264
1330   -0.0878  -0.1811   -0.0997   -0.1982   -0.1082   -0.2030   -0.8049
1331   -0.0880  -0.1802   -0.0993   -0.1970   -0.0975   -0.1995   -0.7807
1332   -0.0886  -0.1794   -0.0990   -0.1959   -0.0999   -0.1995   -0.7575
1333   -0.0886  -0.1778   -0.0984   -0.1944   -0.1017   -0.2030   -0.7310
1334   -0.0881  -0.1754   -0.0977   -0.1926   -0.1036   -0.2083   -0.7024
1335   -0.0970  -0.1825   -0.1036   -0.1974   -0.1070   -0.2135   -0.6861
1336   -0.0864  -0.1694   -0.0973   -0.1889   -0.1096   -0.2135   -0.6319
1337   -0.0733  -0.1537   -0.0897   -0.1788   -0.1095   -0.2117   -0.5717
1338   -0.0654  -0.1429   -0.0851   -0.1722   -0.1281   -0.2048   -0.5223
1339   -0.0566  -0.1311   -0.0800   -0.1648   -0.0966   -0.1908   -0.4705
1340   -0.0596  -0.1311   -0.0817   -0.1652   -0.0564   -0.1750   -0.4444
1341   -0.0635  -0.1319   -0.0841   -0.1662   -0.0340   -0.1593   -0.4203
1342   -0.0658  -0.1310   -0.0854   -0.1661   -0.0092   -0.1488   -0.3927
1343   -0.0710  -0.1329   -0.0884   -0.1678   -0.0200   -0.1470   -0.3714
1344   -0.0738  -0.1324   -0.0901   -0.1680   -0.0341   -0.1540   -0.3453
1345   -0.0757  -0.1308   -0.0912   -0.1674   -0.0453   -0.1680   -0.3175
1346   -0.0911  -0.1431   -0.0990   -0.1736   -0.0634   -0.1820   -0.2968
1347   -0.0667  -0.1148   -0.0856   -0.1569   -0.0749   -0.1908   -0.2266
1348   -0.0365  -0.0805   -0.0689   -0.1367   -0.0853   -0.1890   -0.1483
1349   -0.0195  -0.0599   -0.0595   -0.1244   -0.0954   -0.1750   -0.0914
1350   -0.0007  -0.0374   -0.0490   -0.1110   -0.0523   -0.1488   -0.0327
1351   -0.0113  -0.0450   -0.0547   -0.1154    0.0013   -0.1208   -0.0206
1352   -0.0248  -0.0556   -0.0619   -0.1214    0.0308   -0.0963   -0.0142
1353   -0.0346  -0.0626   -0.0670   -0.1252    0.0620   -0.0823   -0.0033
1354   -0.0517  -0.0772   -0.0762   -0.1335    0.0395   -0.0857   -0.0052
1355   -0.0635  -0.0866   -0.0823   -0.1386    0.0138   -0.1015   -0.0002
1356   -0.0731  -0.0940   -0.0872   -0.1423   -0.0067   -0.1295    0.0066
1357   -0.0792  -0.0982   -0.0917   -0.1453   -0.0402   -0.1558    0.0246
1358   -0.0471  -0.0635   -0.0727   -0.1233   -0.0637   -0.1715    0.0878
1359   -0.0070  -0.0209   -0.0492   -0.0963   -0.0829   -0.1697    0.1604
1360    0.0143   0.0022   -0.0366   -0.0814   -0.0795   -0.1505    0.2050
1361    0.0381   0.0278   -0.0225   -0.0651   -0.0329   -0.1173    0.2513
1362    0.0202   0.0105   -0.0326   -0.0752    0.0258   -0.0805    0.2377
1363   -0.0018  -0.0111   -0.0451   -0.0881    0.0552   -0.0508    0.2165
1364   -0.0185  -0.0275   -0.0547   -0.0980    0.0905   -0.0368    0.2005
1365   -0.0456  -0.0547   -0.0702   -0.1146    0.0630   -0.0437    0.1682
1366   -0.0649  -0.0742   -0.0814   -0.1266    0.0316   -0.0718    0.1444
1367   -0.0812  -0.0908   -0.0907   -0.1367    0.0064   -0.1085    0.1227
1368   -0.0716  -0.0814   -0.0854   -0.1311   -0.0338   -0.1418    0.1337
1369   -0.0417  -0.0514   -0.0680   -0.1125   -0.0624   -0.1610    0.1725
1370   -0.0040  -0.0135   -0.0460   -0.0891   -0.0862   -0.1610    0.2203
1371    0.0151   0.0050   -0.0350   -0.0778   -0.0717   -0.1400    0.2395
1372    0.0367   0.0258   -0.0226   -0.0652   -0.0273   -0.1068    0.2600
1373    0.0170   0.0041   -0.0344   -0.0791    0.0272   -0.0700    0.2199
1374   -0.0067  -0.0217   -0.0485   -0.0957    0.0545   -0.0403    0.1720
1375   -0.0252  -0.0423   -0.0596   -0.1092    0.0876   -0.0298    0.1292
1376   -0.0538  -0.0734   -0.0766   -0.1293    0.0587   -0.0473    0.0700
1377   -0.0747  -0.0967   -0.0892   -0.1446    0.0242   -0.0805    0.0194
1378   -0.0924  -0.1168   -0.1000   -0.1580   -0.0042   -0.1190   -0.0287
1379   -0.0729  -0.0989   -0.0866   -0.1454   -0.0474   -0.1523   -0.0279
1380   -0.0516  -0.0792   -0.0763   -0.1359   -0.0791   -0.1715   -0.0237
1381   -0.0242  -0.0533   -0.0630   -0.1230   -0.1062   -0.1732   -0.0122
1382   -0.0108  -0.0416   -0.0568   -0.1181   -0.0763   -0.1610   -0.0227
1383    0.0047  -0.0278   -0.0496   -0.1120   -0.0495   -0.1400   -0.0315
1384   -0.0110  -0.0457   -0.0583   -0.1234   -0.0141   -0.1190   -0.0869
1385   -0.0294  -0.0666   -0.0685   -0.1364    0.0035   -0.1050   -0.1474
1386   -0.0438  -0.0833   -0.0766   -0.1470    0.0221   -0.1050   -0.2027
1387   -0.0658  -0.1077   -0.0885   -0.1619   -0.0028   -0.1173   -0.2697
1388   -0.0819  -0.1259   -0.0974   -0.1733   -0.0317   -0.1383   -0.3283
1389   -0.0955  -0.1416   -0.1050   -0.1833   -0.0532   -0.1628   -0.3834
1390   -0.0788  -0.1263   -0.0934   -0.1724   -0.0871   -0.1838   -0.3883
1391   -0.0641  -0.1130   -0.0887   -0.1686   -0.1111   -0.1960   -0.4055
1392   -0.0451  -0.0952   -0.0824   -0.1628   -0.1333   -0.1978   -0.4169
1393   -0.0358  -0.0873   -0.0796   -0.1609   -0.1029   -0.1925   -0.4395
1394   -0.0250  -0.0779   -0.0762   -0.1582   -0.0910   -0.1820   -0.4595
1395   -0.0360  -0.0907   -0.0807   -0.1644   -0.0729   -0.1732   -0.5051
1396   -0.0491  -0.1056   -0.0860   -0.1713   -0.0669   -0.1663   -0.5519
1397   -0.0593  -0.1176   -0.0901   -0.1769   -0.0576   -0.1663   -0.5938
1398   -0.0749  -0.1351   -0.0961   -0.1845   -0.0716   -0.1715   -0.6406
1399   -0.0864  -0.1485   -0.1006   -0.1904   -0.0877   -0.1820   -0.6807
1400   -0.0963  -0.1602   -0.1044   -0.1955   -0.0991   -0.1943   -0.7169
1401   -0.0824  -0.1476   -0.0985   -0.1899   -0.1179   -0.2048   -0.7193
1402   -0.0741  -0.1411   -0.0961   -0.1876   -0.1323   -0.2117   -0.7309
1403   -0.0633  -0.1321   -0.0927   -0.1841   -0.1431   -0.2117   -0.7379
1404   -0.0584  -0.1290   -0.0912   -0.1828   -0.1267   -0.2083   -0.7488
1405   -0.0527  -0.1251   -0.0894   -0.1810   -0.1204   -0.2030   -0.7568
1406   -0.0601  -0.1345   -0.0916   -0.1841   -0.1138   -0.1960   -0.7764
1407   -0.0687  -0.1451   -0.0942   -0.1877   -0.1103   -0.1908   -0.7951
1408   -0.0756  -0.1540   -0.0962   -0.1905   -0.1060   -0.1890   -0.8100
1409   -0.0857  -0.1661   -0.0993   -0.1945   -0.1109   -0.1925   -0.8262
1410   -0.0934  -0.1757   -0.1015   -0.1975   -0.1186   -0.1995   -0.8379
1411   -0.0999  -0.1842   -0.1034   -0.2001   -0.1231   -0.2065   -0.8467
1412   -0.0876  -0.1732   -0.1007   -0.1974   -0.1320   -0.2135   -0.8428
1413   -0.0860  -0.1736   -0.0992   -0.1957   -0.1354   -0.2170   -0.8344
1414   -0.0836  -0.1731   -0.0972   -0.1934   -0.1379   -0.2170   -0.8224
1415   -0.0828  -0.1741   -0.0963   -0.1925   -0.1389   -0.2135   -0.8146
1416   -0.0818  -0.1746   -0.0953   -0.1913   -0.1259   -0.2083   -0.8052
1417   -0.0846  -0.1787   -0.0966   -0.1932   -0.1099   -0.2030   -0.8068
1418   -0.0877  -0.1829   -0.0981   -0.1954   -0.0991   -0.1995   -0.8093
1419   -0.0903  -0.1865   -0.0993   -0.1972   -0.0889   -0.1978   -0.8101
1420   -0.0937  -0.1908   -0.1011   -0.1998   -0.0923   -0.2013   -0.8141
1421   -0.0963  -0.1943   -0.1024   -0.2018   -0.0989   -0.2048   -0.8165
1422   -0.0986  -0.1974   -0.1036   -0.2035   -0.1017   -0.2100   -0.8187
1423   -0.0936  -0.1937   -0.1015   -0.2015   -0.1099   -0.2152   -0.8155
1424   -0.0943  -0.1951   -0.1011   -0.2009   -0.1153   -0.2188   -0.8066
1425   -0.0949  -0.1966   -0.1006   -0.2001   -0.1178   -0.2188   -0.7968
1426   -0.0956  -0.1980   -0.1004   -0.2001   -0.1204   -0.2170   -0.7944
1427   -0.0962  -0.1994   -0.1002   -0.1999   -0.1026   -0.2135   -0.7930
1428   -0.0968  -0.2008   -0.1010   -0.2014   -0.0841   -0.2117   -0.8059
1429   -0.0974  -0.2022   -0.1018   -0.2030   -0.0753   -0.2100   -0.8221
1430   -0.0981  -0.2037   -0.1025   -0.2044   -0.0633   -0.2117   -0.8389
1431   -0.0988  -0.2052   -0.1035   -0.2062   -0.0749   -0.2152   -0.8609
1432   -0.0995  -0.2068   -0.1043   -0.2078   -0.0885   -0.2188   -0.8827
1433   -0.1003  -0.2085   -0.1050   -0.2093   -0.1027   -0.2223   -0.9057
1434   -0.1011  -0.2103   -0.1042   -0.2082   -0.1223   -0.2240   -0.9124
1435   -0.1021  -0.2123   -0.1046   -0.2092   -0.1360   -0.2258   -0.9321
1436   -0.1030  -0.2144   -0.1051   -0.2102   -0.1498   -0.2258   -0.9528
1437   -0.1041  -0.2167   -0.1056   -0.2113   -0.1243   -0.2258   -0.9764
1438   -0.1052  -0.2191   -0.1061   -0.2124   -0.1312   -0.2275   -1.0010
1439   -0.1063  -0.2216   -0.1065   -0.2135   -0.1383   -0.2275   -1.0297
1440   -0.1075  -0.2241   -0.1070   -0.2146   -0.1453   -0.2293   -1.0594
1441   -0.1086  -0.2267   -0.1075   -0.2157   -0.1523   -0.2310   -1.0890
1442   -0.1098  -0.2292   -0.1080   -0.2168   -0.1593   -0.2328   -1.1197
1443   -0.1109  -0.2317   -0.1085   -0.2179   -0.1663   -0.2328   -1.1496
1444   -0.1120  -0.2341   -0.1089   -0.2190   -0.1732   -0.2328   -1.1789
1445   -0.1130  -0.2364   -0.1094   -0.2200   -0.1803   -0.2328   -1.2020
1446   -0.1140  -0.2385   -0.1098   -0.2209   -0.1873   -0.2310   -1.2287
1447   -0.1149  -0.2404   -0.1101   -0.2217   -0.1943   -0.2310   -1.2544
1448   -0.1156  -0.2421   -0.1104   -0.2225   -0.1995   -0.2310   -1.2788
1449   -0.1163  -0.2436   -0.1107   -0.2231   -0.2048   -0.2328   -1.3018
1450   -0.1169  -0.2448   -0.1110   -0.2237   -0.2117   -0.2328   -1.3233
1451   -0.1173  -0.2459   -0.1112   -0.2242   -0.2170   -0.2328   -1.3430
1452   -0.1177  -0.2467   -0.1114   -0.2246   -0.2223   -0.2310   -1.3610
1453   -0.1179  -0.2473   -0.1115   -0.2249   -0.2258   -0.2310   -1.3771
1454   -0.1181  -0.2477   -0.1116   -0.2251   -0.2293   -0.2293   -1.3913
1455   -0.1181  -0.2478   -0.1117   -0.2252   -0.2328   -0.2293   -1.4034
1456   -0.1181  -0.2476   -0.1116   -0.2252   -0.2363   -0.2275   -1.4134
1457   -0.1179  -0.2472   -0.1116   -0.2250   -0.2398   -0.2275   -1.4214
1458   -0.1176  -0.2466   -0.1114   -0.2247   -0.2415   -0.2258   -1.4272
1459   -0.1172  -0.2459   -0.1113   -0.2243   -0.2433   -0.2258   -1.4310
1460   -0.1168  -0.2449   -0.1111   -0.2239   -0.2468   -0.2223   -1.4326
1461   -0.1163  -0.2439   -0.1108   -0.2233   -0.2485   -0.2188   -1.4321
1462   -0.1158  -0.2427   -0.1106   -0.2228   -0.2503   -0.2170   -1.4296
1463   -0.1152  -0.2415   -0.1103   -0.2221   -0.2468   -0.2135   -1.4250
1464   -0.1146  -0.2402   -0.1100   -0.2214   -0.2433   -0.2135   -1.4185
1465   -0.1140  -0.2389   -0.1097   -0.2207   -0.2415   -0.2135   -1.4101
1466   -0.1134  -0.2375   -0.1093   -0.2199   -0.2380   -0.2170   -1.3999
1467   -0.1128  -0.2362   -0.1090   -0.2191   -0.2345   -0.2205   -1.3880
1468   -0.1122  -0.2348   -0.1086   -0.2183   -0.2275   -0.2223   -1.3745
1469   -0.1116  -0.2335   -0.1082   -0.2174   -0.2205   -0.2205   -1.3596
1470   -0.1111  -0.2323   -0.1079   -0.2166   -0.2152   -0.2188   -1.3433
1471   -0.1105  -0.2310   -0.1075   -0.2158   -0.2083   -0.2152   -1.3258
1472   -0.1100  -0.2297   -0.1072   -0.2150   -0.2013   -0.2117   -1.3074
1473   -0.1094  -0.2284   -0.1068   -0.2142   -0.1943   -0.2083   -1.2881
1474   -0.1088  -0.2271   -0.1065   -0.2134   -0.1873   -0.2065   -1.2683
1475   -0.1082  -0.2258   -0.1062   -0.2126   -0.1820   -0.2083   -1.2480
1476   -0.1076  -0.2244   -0.1058   -0.2119   -0.1750   -0.2117   -1.2275
1477   -0.1070  -0.2230   -0.1055   -0.2113   -0.1680   -0.2152   -1.2069
1478   -0.1064  -0.2216   -0.1053   -0.2106   -0.1628   -0.2188   -1.1866
1479   -0.1057  -0.2200   -0.1050   -0.2101   -0.1575   -0.2223   -1.1667
1480   -0.1049  -0.2184   -0.1048   -0.2095   -0.1505   -0.2223   -1.1473
1481   -0.1042  -0.2166   -0.1045   -0.2090   -0.1530   -0.2205   -1.1287
1482   -0.1033  -0.2148   -0.1043   -0.2084   -0.1430   -0.2170   -1.1111
1483   -0.1025  -0.2129   -0.1041   -0.2079   -0.1351   -0.2152   -1.0944
1484   -0.1016  -0.2110   -0.1039   -0.2074   -0.1285   -0.2117   -1.0790
1485   -0.1007  -0.2089   -0.1036   -0.2069   -0.1231   -0.2117   -1.0649
1486   -0.0998  -0.2069   -0.1034   -0.2064   -0.1226   -0.2117   -1.0521
1487   -0.0988  -0.2048   -0.1032   -0.2059   -0.1244   -0.2135   -1.0408
1488   -0.0978  -0.2027   -0.1030   -0.2053   -0.1271   -0.2170   -1.0308
1489   -0.0979  -0.2013   -0.1035   -0.2063   -0.1314   -0.2205   -1.0263
1490   -0.0963  -0.1986   -0.1028   -0.2049   -0.1344   -0.2205   -1.0168
1491   -0.0945  -0.1959   -0.1020   -0.2033   -0.1370   -0.2205   -1.0081
1492   -0.0931  -0.1934   -0.1015   -0.2023   -0.1355   -0.2188   -1.0023
1493   -0.0916  -0.1909   -0.1010   -0.2013   -0.1325   -0.2152   -0.9974
1494   -0.0911  -0.1891   -0.1012   -0.2015   -0.1281   -0.2100   -0.9971
1495   -0.0907  -0.1875   -0.1014   -0.2019   -0.1250   -0.2048   -0.9982
1496   -0.0902  -0.1858   -0.1015   -0.2020   -0.1231   -0.2030   -0.9998
1497   -0.0900  -0.1845   -0.1018   -0.2025   -0.1278   -0.2030   -1.0032
1498   -0.0897  -0.1831   -0.1019   -0.2027   -0.1331   -0.2048   -1.0067
1499   -0.0894  -0.1818   -0.1020   -0.2028   -0.1358   -0.2083   -1.0107
1500   -0.0935  -0.1854   -0.1028   -0.2033   -0.1419   -0.2135   -1.0119
1501   -0.0893  -0.1806   -0.1014   -0.2012   -0.1449   -0.2170   -1.0142
1502   -0.0842  -0.1751   -0.0998   -0.1988   -0.1492   -0.2152   -1.0166
1503   -0.0815  -0.1720   -0.0989   -0.1973   -0.1435   -0.2117   -1.0203
1504   -0.0785  -0.1688   -0.0979   -0.1958   -0.1413   -0.2030   -1.0242
1505   -0.0806  -0.1706   -0.0984   -0.1965   -0.1404   -0.1943   -1.0305
1506   -0.0832  -0.1730   -0.0992   -0.1975   -0.1390   -0.1890   -1.0373
1507   -0.0853  -0.1749   -0.0998   -0.1984   -0.1374   -0.1873   -1.0440
1508   -0.0887  -0.1782   -0.1009   -0.1999   -0.1387   -0.1890   -1.0515
1509   -0.0912  -0.1808   -0.1017   -0.2011   -0.1402   -0.1960   -1.0587
1510   -0.0933  -0.1831   -0.1025   -0.2022   -0.1432   -0.2030   -1.0660
1511   -0.0911  -0.1812   -0.1022   -0.2020   -0.1451   -0.2100   -1.0696
1512   -0.0885  -0.1792   -0.1011   -0.2004   -0.1465   -0.2152   -1.0763
1513   -0.0853  -0.1765   -0.0995   -0.1982   -0.1494   -0.2152   -1.0832
1514   -0.0838  -0.1756   -0.0987   -0.1970   -0.1453   -0.2100   -1.0901
1515   -0.0821  -0.1746   -0.0978   -0.1956   -0.1470   -0.2048   -1.0971
1516   -0.0844  -0.1774   -0.0984   -0.1965   -0.1470   -0.1978   -1.1042
1517   -0.0870  -0.1805   -0.0993   -0.1978   -0.1488   -0.1943   -1.1113
1518   -0.0890  -0.1832   -0.1000   -0.1988   -0.1505   -0.1943   -1.1183
1519   -0.0921  -0.1867   -0.1012   -0.2004   -0.1523   -0.1978   -1.1252
1520   -0.0943  -0.1895   -0.1019   -0.2016   -0.1558   -0.2030   -1.1319
1521   -0.0962  -0.1919   -0.1025   -0.2024   -0.1575   -0.2100   -1.1384
1522   -0.0930  -0.1891   -0.1027   -0.2022   -0.1593   -0.2152   -1.1447
1523   -0.0921  -0.1888   -0.1009   -0.1998   -0.1610   -0.2188   -1.1505
1524   -0.0909  -0.1880   -0.0987   -0.1967   -0.1628   -0.2188   -1.1559
1525   -0.0902  -0.1877   -0.0975   -0.1948   -0.1663   -0.2170   -1.1608
1526   -0.0894  -0.1871   -0.0961   -0.1927   -0.1680   -0.2117   -1.1651
1527   -0.0901  -0.1877   -0.0968   -0.1935   -0.1697   -0.2065   -1.1686
1528   -0.0909  -0.1883   -0.0977   -0.1943   -0.1697   -0.2030   -1.1714
1529   -0.0914  -0.1885   -0.0982   -0.1946   -0.1697   -0.1995   -1.1734
1530   -0.0922  -0.1888   -0.0991   -0.1954   -0.1715   -0.2013   -1.1745
1531   -0.0926  -0.1887   -0.0995   -0.1955   -0.1715   -0.2030   -1.1746
1532   -0.0928  -0.1883   -0.0998   -0.1952   -0.1715   -0.2083   -1.1737
1533   -0.0952  -0.1901   -0.1023   -0.1971   -0.1697   -0.2135   -1.1717
1534   -0.0914  -0.1858   -0.0979   -0.1913   -0.1697   -0.2170   -1.1686
1535   -0.0867  -0.1805   -0.0925   -0.1842   -0.1680   -0.2170   -1.1643
1536   -0.0839  -0.1768   -0.0894   -0.1799   -0.1680   -0.2117   -1.1589
1537   -0.0807  -0.1728   -0.0858   -0.1749   -0.1663   -0.2030   -1.1522
1538   -0.0818  -0.1727   -0.0873   -0.1757   -0.1645   -0.1925   -1.1443
1539   -0.0833  -0.1729   -0.0892   -0.1769   -0.1628   -0.1838   -1.1351
1540   -0.0841  -0.1725   -0.0904   -0.1772   -0.1593   -0.1767   -1.1247
1541   -0.0861  -0.1731   -0.0929   -0.1790   -0.1575   -0.1767   -1.1129
1542   -0.0871  -0.1728   -0.0944   -0.1800   -0.1558   -0.1820   -1.0998
1543   -0.0879  -0.1722   -0.0957   -0.1806   -0.1540   -0.1908   -1.0854
1544   -0.0930  -0.1765   -0.0996   -0.1838   -0.1505   -0.1995   -1.0741
1545   -0.0846  -0.1668   -0.0916   -0.1741   -0.1488   -0.2048   -1.0544
1546   -0.0741  -0.1552   -0.0815   -0.1620   -0.1453   -0.2048   -1.0326
1547   -0.0682  -0.1482   -0.0759   -0.1548   -0.1513   -0.1960   -1.0111
1548   -0.0618  -0.1406   -0.0696   -0.1467   -0.1430   -0.1803   -0.9881
1549   -0.0656  -0.1433   -0.0732   -0.1498   -0.1351   -0.1628   -0.9676
1550   -0.0704  -0.1471   -0.0779   -0.1540   -0.1285   -0.1488   -0.9462
1551   -0.0740  -0.1497   -0.0812   -0.1569   -0.1231   -0.1418   -0.9231
1552   -0.0800  -0.1549   -0.0871   -0.1627   -0.1226   -0.1435   -0.8999
1553   -0.0842  -0.1582   -0.0912   -0.1665   -0.1226   -0.1540   -0.8750
1554   -0.0877  -0.1609   -0.0944   -0.1694   -0.1218   -0.1680   -0.8488
1555   -0.0891  -0.1619   -0.0965   -0.1706   -0.1209   -0.1838   -0.8361
1556   -0.0785  -0.1506   -0.0853   -0.1574   -0.1204   -0.1943   -0.7943
1557   -0.0654  -0.1367   -0.0714   -0.1412   -0.1195   -0.1925   -0.7485
1558   -0.0584  -0.1292   -0.0638   -0.1321   -0.1361   -0.1820   -0.7103
1559   -0.0506  -0.1210   -0.0555   -0.1223   -0.1116   -0.1610   -0.6708
1560   -0.0567  -0.1268   -0.0615   -0.1284   -0.0837   -0.1400   -0.6490
1561   -0.0640  -0.1341   -0.0688   -0.1359   -0.0658   -0.1225   -0.6292
1562   -0.0696  -0.1397   -0.0742   -0.1414   -0.0462   -0.1138   -0.6077
1563   -0.0787  -0.1488   -0.0830   -0.1504   -0.0528   -0.1173   -0.5913
1564   -0.0851  -0.1554   -0.0890   -0.1563   -0.0617   -0.1330   -0.5727
1565   -0.0906  -0.1609   -0.0938   -0.1608   -0.0690   -0.1540   -0.5540
1566   -0.0873  -0.1578   -0.0939   -0.1599   -0.0810   -0.1732   -0.5410
1567   -0.0775  -0.1479   -0.0803   -0.1442   -0.0880   -0.1855   -0.4967
1568   -0.0650  -0.1353   -0.0634   -0.1250   -0.0947   -0.1855   -0.4484
1569   -0.0586  -0.1289   -0.0544   -0.1145   -0.1061   -0.1715   -0.4159
1570   -0.0514  -0.1217   -0.0442   -0.1027   -0.0716   -0.1488   -0.3836
1571   -0.0576  -0.1284   -0.0515   -0.1100   -0.0305   -0.1243   -0.3839
1572   -0.0652  -0.1363   -0.0604   -0.1189   -0.0067   -0.1033   -0.3895
1573   -0.0709  -0.1424   -0.0669   -0.1251    0.0164   -0.0963   -0.3937
1574   -0.0800  -0.1519   -0.0776   -0.1359   -0.0025   -0.1015   -0.4078
1575   -0.0865  -0.1587   -0.0850   -0.1430   -0.0272   -0.1190   -0.4188
1576   -0.0919  -0.1644   -0.0911   -0.1488   -0.0446   -0.1435   -0.4298
1577   -0.0885  -0.1610   -0.0917   -0.1485   -0.0723   -0.1663   -0.4255
1578   -0.0788  -0.1512   -0.0750   -0.1295   -0.0956   -0.1803   -0.4064
1579   -0.0665  -0.1386   -0.0539   -0.1058   -0.1138   -0.1785   -0.3832
1580   -0.0601  -0.1319   -0.0426   -0.0926   -0.0966   -0.1628   -0.3755
1581   -0.0527  -0.1241   -0.0297   -0.0775   -0.0743   -0.1365   -0.3671
1582   -0.0583  -0.1294   -0.0385   -0.0858   -0.0473   -0.1068   -0.3906
1583   -0.0650  -0.1358   -0.0493   -0.0962   -0.0350   -0.0840   -0.4177
1584   -0.0699  -0.1401   -0.0572   -0.1034   -0.0206   -0.0735   -0.4414
1585   -0.0778  -0.1474   -0.0704   -0.1165   -0.0388   -0.0805   -0.4728
1586   -0.0831  -0.1518   -0.0796   -0.1252   -0.0601   -0.0998   -0.4983
1587   -0.0873  -0.1548   -0.0871   -0.1321   -0.0771   -0.1277   -0.5212
1588   -0.0907  -0.1569   -0.0888   -0.1325   -0.1003   -0.1540   -0.5187
1589   -0.0752  -0.1396   -0.0669   -0.1075   -0.1174   -0.1697   -0.5092
1590   -0.0557  -0.1181   -0.0394   -0.0765   -0.1319   -0.1680   -0.4936
1591   -0.0449  -0.1053   -0.0247   -0.0593   -0.1186   -0.1488   -0.4883
1592   -0.0326  -0.0909   -0.0081   -0.0401   -0.1011   -0.1155   -0.4798
1593   -0.0397  -0.0960   -0.0199   -0.0517   -0.0750   -0.0788   -0.4955
1594   -0.0485  -0.1027   -0.0344   -0.0664   -0.0606   -0.0490   -0.5119
1595   -0.0546  -0.1066   -0.0454   -0.0774   -0.0462   -0.0350   -0.5233
1596   -0.0654  -0.1152   -0.0633   -0.0960   -0.0563   -0.0437   -0.5396
1597   -0.0725  -0.1198   -0.0760   -0.1090   -0.0687   -0.0700   -0.5498
1598   -0.0779  -0.1228   -0.0865   -0.1197   -0.0778   -0.1068   -0.5568
1599   -0.0869  -0.1292   -0.0829   -0.1152   -0.0915   -0.1400   -0.5484
1600   -0.0609  -0.1002   -0.0597   -0.0897   -0.1020   -0.1593   -0.5235
1601   -0.0287  -0.0648   -0.0307   -0.0581   -0.1087   -0.1593   -0.4927
1602   -0.0111  -0.0444   -0.0157   -0.0420   -0.1123   -0.1383   -0.4735
1603    0.0086  -0.0220    0.0009   -0.0244   -0.0844   -0.1015   -0.4524
1604   -0.0042  -0.0327   -0.0136   -0.0408   -0.0494   -0.0613   -0.4581
1605   -0.0201  -0.0469   -0.0312   -0.0608   -0.0305   -0.0298   -0.4663
1606   -0.0321  -0.0573   -0.0449   -0.0767   -0.0092   -0.0228   -0.4710
1607   -0.0521  -0.0760   -0.0662   -0.1008   -0.0235   -0.0368   -0.4827
1608   -0.0662  -0.0890   -0.0817   -0.1186   -0.0428   -0.0683   -0.4895
1609   -0.0779  -0.0998   -0.0947   -0.1338   -0.0575   -0.1085   -0.4947
1610.   -0.0512  -0.1038   -0.0512   -0.1038   -0.0827   -0.1435  -0.3868
1611.   -0.0535  -0.1068   -0.0535   -0.1068   -0.0994   -0.1628  -0.3885
1612.    0.0186  -0.0371    0.0186   -0.0371   -0.1133   -0.1645  -0.3115
1613.    0.0394  -0.0175    0.0394   -0.0175   -0.1027   -0.1470  -0.2975
1614.    0.0534  -0.0045    0.0534   -0.0045   -0.0810   -0.1190  -0.2800
1615.    0.0033  -0.0540    0.0033   -0.0540   -0.0529   -0.0875  -0.3448
1616.   -0.0707  -0.1269   -0.0707   -0.1269   -0.0392   -0.0665  -0.4428
1617.   -0.0926  -0.1489   -0.0926   -0.1489   -0.0234   -0.0630  -0.4778
1618.   -0.0938  -0.1508   -0.0938   -0.1508   -0.0396   -0.0753  -0.4848
1619.   -0.0770  -0.1350   -0.0770   -0.1350   -0.0587   -0.1015  -0.4690
1620.   -0.0770  -0.1357   -0.0770   -0.1357   -0.0719   -0.1348  -0.4778
1621.   -0.0770  -0.1364   -0.0770   -0.1364   -0.0947   -0.1628  -0.4865
1622.   -0.0770  -0.1371   -0.0770   -0.1371   -0.1114   -0.1785  -0.4918
1623.   -0.0770  -0.1377   -0.0770   -0.1377   -0.1239   -0.1803  -0.4918
1624.   -0.0836  -0.1449   -0.0836   -0.1449   -0.1124   -0.1680  -0.5005
1625.   -0.0433  -0.1067   -0.0433   -0.1067   -0.0933   -0.1488  -0.4480
1626.   -0.0627  -0.1262   -0.0627   -0.1262   -0.0669   -0.1277  -0.4795
1627.   -0.0751  -0.1397   -0.0751   -0.1397   -0.0532   -0.1138  -0.5023
1628.   -0.0669  -0.1379   -0.0669   -0.1379   -0.0377   -0.1103  -0.4970
1629.   -0.0724  -0.1484   -0.0724   -0.1484   -0.0522   -0.1208  -0.5128
1630.   -0.0954  -0.1745   -0.0954   -0.1745   -0.0676   -0.1400  -0.5495
1631.   -0.0900  -0.1730   -0.0900   -0.1730   -0.0810   -0.1628  -0.5495
1632.   -0.0954  -0.1788   -0.0954   -0.1788   -0.0997   -0.1838  -0.5845
1633.   -0.0779  -0.1617   -0.0779   -0.1617   -0.1147   -0.1943  -0.5898
1634.   -0.0918  -0.1757   -0.0918   -0.1757   -0.1275   -0.1960  -0.6213
1635.   -0.0901  -0.1748   -0.0901   -0.1748   -0.1134   -0.1890  -0.6265
1636.   -0.0954  -0.1806   -0.0954   -0.1806   -0.0991   -0.1767  -0.6458
1637.   -0.0954  -0.1812   -0.0954   -0.1812   -0.0806   -0.1628  -0.6650
1638.   -0.0111  -0.0996   -0.0111   -0.0996   -0.0718   -0.1540  -0.5687
1639.   -0.0010  -0.0903   -0.0010   -0.0903   -0.0633   -0.1540  -0.5845
1640.   -0.0770  -0.1656   -0.0770   -0.1656   -0.0749   -0.1610  -0.7175
1641.   -0.0954  -0.1852   -0.0954   -0.1852   -0.0902   -0.1732  -0.7490
1642.   -0.0372  -0.1294   -0.0372   -0.1294   -0.1010   -0.1890  -0.6650
1643.   -0.0738  -0.1676   -0.0738   -0.1676   -0.1171   -0.2013  -0.7228
1644.   -0.0812  -0.1772   -0.0812   -0.1772   -0.1308   -0.2083  -0.7508
1645.   -0.0954  -0.1916   -0.0954   -0.1916   -0.1410   -0.2100  -0.7945
1646.   -0.0954  -0.1916   -0.0954   -0.1916   -0.1284   -0.2048  -0.8103
1647.   -0.0954  -0.1917   -0.0954   -0.1917   -0.1211   -0.1978  -0.8225
1648.   -0.0954  -0.1921   -0.0954   -0.1921   -0.1113   -0.1890  -0.8330
1649.   -0.0954  -0.1925   -0.0954   -0.1925   -0.1071   -0.1838  -0.8418
1650.   -0.0954  -0.1927   -0.0954   -0.1927   -0.1003   -0.1838  -0.8505
1651.   -0.0954  -0.1928   -0.0954   -0.1928   -0.1076   -0.1890  -0.8610
1652.   -0.0905  -0.1880   -0.0905   -0.1880   -0.1161   -0.1960  -0.8680
1653.   -0.0943  -0.1918   -0.0943   -0.1918   -0.1212   -0.2048  -0.9013
1654.   -0.0946  -0.1932   -0.0946   -0.1932   -0.1311   -0.2117  -0.9293
1655.   -0.0948  -0.1950   -0.0948   -0.1950   -0.1369   -0.2170  -0.9363
1656.   -0.0947  -0.1951   -0.0947   -0.1951   -0.1434   -0.2170  -0.9433
1657.   -0.0952  -0.1960   -0.0952   -0.1960   -0.1355   -0.2152  -0.9555
1658.   -0.0954  -0.1970   -0.0954   -0.1970   -0.1314   -0.2100  -0.9660
1659.   -0.0954  -0.1973   -0.0954   -0.1973   -0.1239   -0.2065  -0.9713
1660.   -0.0930  -0.1950   -0.0930   -0.1950   -0.1218   -0.2048  -0.9713
1661.   -0.0945  -0.1964   -0.0945   -0.1964   -0.1174   -0.2048  -0.9765
1662.   -0.0954  -0.1973   -0.0954   -0.1973   -0.1228   -0.2083  -0.9818
1663.   -0.0954  -0.1973   -0.0954   -0.1973   -0.1289   -0.2135  -0.9853
1664.   -0.0954  -0.1973   -0.0954   -0.1973   -0.1339   -0.2170  -0.9923
1665.   -0.0954  -0.1973   -0.0954   -0.1973   -0.1392   -0.2205  -0.9975
1666.   -0.0954  -0.1973   -0.0954   -0.1973   -0.1447   -0.2240  -1.0010
1667.   -0.0954  -0.1973   -0.0954   -0.1973   -0.1495   -0.2240  -1.0045
1668.   -0.0954  -0.1974   -0.0954   -0.1974   -0.1426   -0.2240  -1.0080
1669.   -0.0954  -0.1974   -0.0954   -0.1974   -0.1410   -0.2240  -1.0115
1670.   -0.0954  -0.1974   -0.0954   -0.1974   -0.1407   -0.2240  -1.0168
1671.   -0.0943  -0.1963   -0.0943   -0.1963   -0.1397   -0.2240  -1.0168
1672.   -0.0950  -0.1969   -0.0950   -0.1969   -0.1402   -0.2258  -1.0220
1673.   -0.0954  -0.1974   -0.0954   -0.1974   -0.1412   -0.2275  -1.0325
1674.   -0.0952  -0.1971   -0.0952   -0.1971   -0.1424   -0.2293  -1.0395
1675.   -0.0954  -0.1974   -0.0954   -0.1974   -0.1415   -0.2293  -1.0378
1676.   -0.0932  -0.1953   -0.0932   -0.1953   -0.1430   -0.2293  -1.0325
1677.   -0.0951  -0.1972   -0.0951   -0.1972   -0.1440   -0.2293  -1.0325
1678.   -0.0952  -0.1973   -0.0952   -0.1973   -0.1448   -0.2293  -1.0273
1679.   -0.0954  -0.1975   -0.0954   -0.1975   -0.1452   -0.2310  -1.0220
1680.   -0.0945  -0.1965   -0.0945   -0.1965   -0.1420   -0.2328  -1.0168
1681.   -0.0954  -0.1975   -0.0954   -0.1975   -0.1362   -0.2345  -1.0168
1682.   -0.0954  -0.1975   -0.0954   -0.1975   -0.1341   -0.2363  -1.0238
1683.   -0.0954  -0.1975   -0.0954   -0.1975   -0.1317   -0.2363  -1.0343
1684.   -0.0937  -0.1958   -0.0937   -0.1958   -0.1336   -0.2380  -1.0325
1685.   -0.0954  -0.1975   -0.0954   -0.1975   -0.1377   -0.2363  -1.0378
1686.   -0.0947  -0.1967   -0.0947   -0.1967   -0.1395   -0.2345  -1.0378
1687.   -0.0953  -0.1973   -0.0953   -0.1973   -0.1424   -0.2328  -1.0430
1688.   -0.0948  -0.1967   -0.0948   -0.1967   -0.1462   -0.2310  -1.0483
1689.   -0.0952  -0.1969   -0.0952   -0.1969   -0.1497   -0.2310  -1.0553
1690.   -0.0954  -0.1970   -0.0954   -0.1970   -0.1435   -0.2310  -1.0605
1691.   -0.0954  -0.1968   -0.0954   -0.1968   -0.1453   -0.2328  -1.0728
1692.   -0.0954  -0.1965   -0.0954   -0.1965   -0.1470   -0.2328  -1.0815
1693.   -0.0954  -0.1964   -0.0954   -0.1964   -0.1488   -0.2345  -1.0833
1694.   -0.0954  -0.1964   -0.0954   -0.1964   -0.1505   -0.2328  -1.0850
1695.   -0.0953  -0.1962   -0.0953   -0.1962   -0.1540   -0.2328  -1.0850
1696.   -0.0954  -0.1964   -0.0954   -0.1964   -0.1558   -0.2310  -1.0903
1697.   -0.0954  -0.1964   -0.0954   -0.1964   -0.1575   -0.2293  -1.0955
1698.   -0.0954  -0.1964   -0.0954   -0.1964   -0.1575   -0.2293  -1.0973
1699.   -0.0954  -0.1963   -0.0954   -0.1963   -0.1575   -0.2275  -1.1008
1700.   -0.0950  -0.1957   -0.0950   -0.1957   -0.1593   -0.2275  -1.1130
1701.   -0.0948  -0.1954   -0.0948   -0.1954   -0.1593   -0.2258  -1.1253
1702.   -0.0947  -0.1948   -0.0947   -0.1948   -0.1593   -0.2258  -1.1253
1703.   -0.0921  -0.1917   -0.0921   -0.1917   -0.1575   -0.2223  -1.1218
1704.   -0.0904  -0.1891   -0.0904   -0.1891   -0.1540   -0.2205  -1.1200
1705.   -0.0887  -0.1863   -0.0887   -0.1863   -0.1523   -0.2188  -1.1218
1706.   -0.0915  -0.1884   -0.0915   -0.1884   -0.1488   -0.2170  -1.1305
1707.   -0.0889  -0.1855   -0.0889   -0.1855   -0.1470   -0.2188  -1.1218
1708.   -0.0920  -0.1880   -0.0920   -0.1880   -0.1435   -0.2152  -1.1165
1709.   -0.0935  -0.1888   -0.0935   -0.1888   -0.1383   -0.2152  -1.0798
1710.   -0.0950  -0.1884   -0.0950   -0.1884   -0.1348   -0.2152  -1.0150
1711.   -0.0954  -0.1866   -0.0954   -0.1866   -0.1295   -0.2152  -0.9642
1712.   -0.0954  -0.1855   -0.0954   -0.1855   -0.1459   -0.2135  -0.9415
1713.   -0.0951  -0.1844   -0.0951   -0.1844   -0.1301   -0.2100  -0.9205
1714.   -0.0943  -0.1816   -0.0943   -0.1816   -0.1092   -0.2083  -0.8925
1715.   -0.0910  -0.1769   -0.0910   -0.1769   -0.0977   -0.2048  -0.8505
1716.   -0.0842  -0.1699   -0.0842   -0.1699   -0.0832   -0.1995  -0.7490
1717.   -0.0739  -0.1594   -0.0739   -0.1594   -0.0873   -0.1925  -0.6475
1718.   -0.0844  -0.1696   -0.0844   -0.1696   -0.0929   -0.1838  -0.6283
1719.   -0.0537  -0.1395   -0.0537   -0.1395   -0.0963   -0.1873  -0.5618
1720.   -0.0667  -0.1495   -0.0667   -0.1495   -0.1037   -0.1663  -0.5670
1721.   -0.0691  -0.1491   -0.0691   -0.1491   -0.1081   -0.1663  -0.5635
1722.   -0.0819  -0.1608   -0.0819   -0.1608   -0.1111   -0.1680  -0.5740
1723.   -0.0900  -0.1674   -0.0900   -0.1674   -0.1211   -0.1750  -0.5740
1724.   -0.0763  -0.1526   -0.0763   -0.1526   -0.0964   -0.1803  -0.5408
1725.   -0.0797  -0.1545   -0.0797   -0.1545   -0.0638   -0.1680  -0.5267
1726.   -0.0509  -0.1247   -0.0509   -0.1247   -0.0469   -0.1628  -0.4673
1727.   -0.0505  -0.1238   -0.0505   -0.1238   -0.0263   -0.1400  -0.4480
1728.   -0.0165  -0.0904   -0.0165   -0.0904   -0.0386   -0.1295  -0.3850
1729.   -0.0659  -0.1386   -0.0659   -0.1386   -0.0521   -0.1068  -0.4305
1730.   -0.0097  -0.0839   -0.0097   -0.0839   -0.0632   -0.1295  -0.3378
1731.   -0.0954  -0.1678   -0.0954   -0.1678   -0.0803   -0.1050  -0.4235
1732.   -0.0733  -0.1454   -0.0733   -0.1454   -0.0932   -0.1540  -0.3605
1733.   -0.0954  -0.1648   -0.0954   -0.1648   -0.1036   -0.1610  -0.3588
1734.   -0.0954  -0.1630   -0.0954   -0.1630   -0.1070   -0.1750  -0.3500
1735.   -0.0729  -0.1402   -0.0729   -0.1402   -0.0730   -0.1820  -0.3150
1736.   -0.0357  -0.1035   -0.0357   -0.1035   -0.0326   -0.1645  -0.2503
1737.   -0.0659  -0.1325   -0.0659   -0.1325   -0.0109   -0.1330  -0.2538
1738.   -0.0745  -0.1405   -0.0745   -0.1405    0.0136   -0.1470  -0.2293
1739.   -0.0309  -0.0981   -0.0309   -0.0981   -0.0033   -0.1593  -0.1453
1740.   -0.0840  -0.1503   -0.0840   -0.1503   -0.0223   -0.1330  -0.1645
1741.   -0.0245  -0.0926   -0.0245   -0.0926   -0.0377   -0.1575  -0.0420
1742.   -0.0756  -0.1427   -0.0756   -0.1427   -0.0632   -0.1295  -0.0560
1743.   -0.0852  -0.1523   -0.0852   -0.1523   -0.0826   -0.1505  -0.0683
1744.   -0.0954  -0.1621   -0.0954   -0.1621   -0.0970   -0.1715  -0.0858
1745.   -0.0954  -0.1616   -0.0954   -0.1616   -0.0929   -0.1803  -0.0963
1746.   -0.0954  -0.1606   -0.0954   -0.1606   -0.0575   -0.1803  -0.1155
1747.   -0.0954  -0.1592   -0.0954   -0.1592   -0.0148   -0.1803  -0.1383
1748.   -0.0204  -0.0849   -0.0204   -0.0849    0.0056   -0.1767  -0.0788
1749.   -0.0177  -0.0814   -0.0177   -0.0814    0.0307   -0.1208  -0.0683
1750.   -0.0241  -0.0878   -0.0241   -0.0878    0.0083   -0.0980  -0.0753
1751.   -0.0540  -0.1176   -0.0540   -0.1176   -0.0166   -0.1015  -0.1312
1752.   -0.0598  -0.1225   -0.0598   -0.1225   -0.0372   -0.1225  -0.1383
1753.   -0.0660  -0.1257   -0.0660   -0.1257   -0.0691   -0.1330  -0.1663
1754.   -0.0846  -0.1409   -0.0846   -0.1409   -0.0923   -0.1383  -0.1995
1755.   -0.0897  -0.1432   -0.0897   -0.1432   -0.1119   -0.1523  -0.2188
1756.   -0.0865  -0.1382   -0.0865   -0.1382   -0.0956   -0.1610  -0.2380
1757.   -0.0649  -0.1167   -0.0649   -0.1167   -0.0685   -0.1610  -0.2240
1758.   -0.0454  -0.0968   -0.0454   -0.0968   -0.0337   -0.1453  -0.2205
1759.   -0.0346  -0.0857   -0.0346   -0.0857   -0.0165   -0.1312  -0.2450
1760.   -0.0395  -0.0901   -0.0395   -0.0901    0.0050   -0.1173  -0.2555
1761.   -0.0112  -0.0613   -0.0112   -0.0613   -0.0144   -0.1033  -0.2223
1762.   -0.0386  -0.0855   -0.0386   -0.0855   -0.0374   -0.0892  -0.2608
1763.   -0.0534  -0.0978   -0.0534   -0.0978   -0.0537   -0.1050  -0.2853
1764.   -0.0579  -0.1020   -0.0579   -0.1020   -0.0795   -0.1155  -0.2958
1765.   -0.0851  -0.1284   -0.0851   -0.1284   -0.0961   -0.1488  -0.3150
1766.   -0.0909  -0.1337   -0.0909   -0.1337   -0.1114   -0.1540  -0.3168
1767.   -0.0537  -0.0977   -0.0537   -0.0977   -0.1061   -0.1453  -0.2573
1768.   -0.0078  -0.0534   -0.0078   -0.0534   -0.0733   -0.1050  -0.1733
1769.    0.0257  -0.0211    0.0257   -0.0211   -0.0323   -0.0490  -0.0858
1770.    0.0246  -0.0207    0.0246   -0.0207   -0.0084   -0.0035  -0.0805
1771.    0.0022  -0.0393    0.0022   -0.0393    0.0164    0.0000  -0.0980
1772.   -0.0140  -0.0519   -0.0140   -0.0519   -0.0008   -0.0175  -0.1050
1773.   -0.0556  -0.0902   -0.0556   -0.0902   -0.0219   -0.0420  -0.1208
1774.   -0.0637  -0.0969   -0.0637   -0.0969   -0.0359   -0.0875  -0.0963
1775.   -0.0886  -0.1209   -0.0886   -0.1209   -0.0618   -0.1085  -0.1033
1776.   -0.0781  -0.1113   -0.0781   -0.1113   -0.0781   -0.1435  -0.0700
1777.   -0.0483  -0.0830   -0.0483   -0.0830   -0.0928   -0.1418   0.0315
1778.   -0.0069  -0.0428   -0.0069   -0.0428   -0.0920   -0.1138   0.1172
1779.    0.0039  -0.0327    0.0039   -0.0327   -0.0539   -0.0945   0.0840
1780.   -0.0278  -0.0638   -0.0278   -0.0638   -0.0078   -0.1680   0.0332
1781.   -0.0080  -0.0443   -0.0080   -0.0443    0.0178   -0.1680   0.0122
1782.   -0.0550  -0.0907   -0.0550   -0.0907    0.0449   -0.1383  -0.0333
1783.   -0.0695  -0.1070   -0.0695   -0.1070    0.0209   -0.1540  -0.0665
1784.   -0.0895  -0.1301   -0.0895   -0.1301   -0.0059   -0.1645  -0.0928
1785.   -0.0758  -0.1197   -0.0758   -0.1197   -0.0281   -0.1593  -0.0840
1786.   -0.0176  -0.0651   -0.0176   -0.0651   -0.0606   -0.1418  -0.0228
1787.    0.0143  -0.0361    0.0143   -0.0361   -0.0855   -0.0892   0.0262
1788.    0.0060  -0.0455    0.0060   -0.0455   -0.1065   -0.0945   0.0175
1789.    0.0026  -0.0491    0.0026   -0.0491   -0.0886   -0.0700   0.0000
1790.   -0.0154  -0.0664   -0.0154   -0.0664   -0.0604   -0.1610  -0.0368
1791.   -0.0423  -0.0927   -0.0423   -0.0927   -0.0260   -0.1750  -0.0823
1792.   -0.0438  -0.0952   -0.0438   -0.0952   -0.0081   -0.1645  -0.1138
1793.   -0.0450  -0.0988   -0.0450   -0.0988    0.0107   -0.1593  -0.1488
1794.   -0.0583  -0.1152   -0.0583   -0.1152   -0.0111   -0.1645  -0.1767
1795.   -0.0761  -0.1357   -0.0761   -0.1357   -0.0349   -0.1505  -0.2293
1796.   -0.0786  -0.1409   -0.0786   -0.1409   -0.0553   -0.1295  -0.2678
1797.   -0.0860  -0.1502   -0.0860   -0.1502   -0.0855   -0.1330  -0.3133
1798.   -0.0897  -0.1546   -0.0897   -0.1546   -0.1081   -0.1435  -0.3465
1799.   -0.0886  -0.1535   -0.0886   -0.1535   -0.1275   -0.1488  -0.3798
1800.   -0.0819  -0.1464   -0.0819   -0.1464   -0.1029   -0.1505  -0.4200
1801.   -0.0326  -0.0988   -0.0326   -0.0988   -0.0882   -0.1505  -0.4550
1802.   -0.0520  -0.1200   -0.0520   -0.1200   -0.0687   -0.1068  -0.5250
1803.   -0.0727  -0.1432   -0.0727   -0.1432   -0.0620   -0.1155  -0.6108
1804.   -0.0689  -0.1425   -0.0689   -0.1425   -0.0519   -0.1418  -0.6528
1805.   -0.0640  -0.1407   -0.0640   -0.1407   -0.0683   -0.1453  -0.7017
1806.   -0.0791  -0.1578   -0.0791   -0.1578   -0.0852   -0.1470  -0.7578
1807.   -0.0893  -0.1696   -0.0893   -0.1696   -0.1007   -0.1540  -0.8190
1808.   -0.0911  -0.1740   -0.0911   -0.1740   -0.1222   -0.1697  -0.8400
1809.   -0.0940  -0.1789   -0.0940   -0.1789   -0.1372   -0.1750  -0.8593
1810.   -0.0954  -0.1804   -0.0954   -0.1804   -0.1521   -0.1785  -0.8733
1811.   -0.0951  -0.1781   -0.0951   -0.1781   -0.1285   -0.1820  -0.8803
1812.   -0.0905  -0.1710   -0.0905   -0.1710   -0.1290   -0.1855  -0.8855
1813.   -0.0842  -0.1625   -0.0842   -0.1625   -0.1246   -0.1838  -0.8803
1814.   -0.0827  -0.1583   -0.0827   -0.1583   -0.1250   -0.1785  -0.8820
1815.   -0.0748  -0.1486   -0.0748   -0.1486   -0.1231   -0.1785  -0.8435
1816.   -0.0576  -0.1318   -0.0576   -0.1318   -0.1296   -0.1732  -0.8295
1817.   -0.0610  -0.1365   -0.0610   -0.1365   -0.1349   -0.1593  -0.8453
1818.   -0.0688  -0.1449   -0.0688   -0.1449   -0.1358   -0.1593  -0.8715
1819.   -0.0718  -0.1476   -0.0718   -0.1476   -0.1384   -0.1663  -0.8873
1820.   -0.0823  -0.1573   -0.0823   -0.1573   -0.1414   -0.1680  -0.9118
1821.   -0.0901  -0.1611   -0.0901   -0.1611   -0.1422   -0.1750  -0.9398
1822.   -0.0918  -0.1569   -0.0918   -0.1569   -0.1468   -0.1785  -0.9503
1823.   -0.0940  -0.1560   -0.0940   -0.1560   -0.1337   -0.1767  -0.9538
1824.   -0.0892  -0.1489   -0.0892   -0.1489   -0.1180   -0.1732  -0.9415
1825.   -0.0777  -0.1360   -0.0777   -0.1360   -0.1082   -0.1663  -0.9205
1826.   -0.0603  -0.1180   -0.0603   -0.1180   -0.0975   -0.1505  -0.8698
1827.   -0.0408  -0.0985   -0.0408   -0.0985   -0.0999   -0.1365  -0.8138
1828.   -0.0253  -0.0832   -0.0253   -0.0832   -0.1035   -0.1120  -0.7473
1829.   -0.0226  -0.0801   -0.0226   -0.0801   -0.1054   -0.1015  -0.7140
1830.   -0.0164  -0.0729   -0.0164   -0.0729   -0.1122   -0.0980  -0.6773
1831.   -0.0472  -0.1018   -0.0472   -0.1018   -0.1149   -0.0910  -0.6930
1832.   -0.0675  -0.1196   -0.0675   -0.1196   -0.1165   -0.1015  -0.7035
1833.   -0.0874  -0.1363   -0.0874   -0.1363   -0.1247   -0.1225  -0.7053
1834.   -0.0834  -0.1301   -0.0834   -0.1301   -0.1054   -0.1330  -0.6335
1835.   -0.0385  -0.0844   -0.0385   -0.0844   -0.0830   -0.1312  -0.5058
1836.    0.0278  -0.0176    0.0278   -0.0176   -0.0697   -0.1085  -0.3798
1837.    0.0391  -0.0048    0.0391   -0.0048   -0.0548   -0.0455  -0.3448
1838.   -0.0002  -0.0421   -0.0002   -0.0421   -0.0656   -0.0263  -0.4060
1839.   -0.0154  -0.0565   -0.0154   -0.0565   -0.0786   -0.0315  -0.4392
1840.   -0.0360  -0.0769   -0.0360   -0.0769   -0.0903   -0.0525  -0.4812
1841.   -0.0627  -0.1034   -0.0627   -0.1034   -0.1060   -0.0595  -0.5408
1842.   -0.0723  -0.1131   -0.0723   -0.1131   -0.1173   -0.0805  -0.5740
1843.   -0.0854  -0.1254   -0.0854   -0.1254   -0.1266   -0.0928  -0.6038
1844.   -0.0809  -0.1200   -0.0809   -0.1200   -0.1212   -0.1068  -0.6020
1845.   -0.0588  -0.0976   -0.0588   -0.0976   -0.1025   -0.1208  -0.5653
1846.   -0.0416  -0.0804   -0.0416   -0.0804   -0.0771   -0.1155  -0.5338
1847.   -0.0241  -0.0627   -0.0241   -0.0627   -0.0648   -0.1295  -0.4743
1848.    0.0101  -0.0283    0.0101   -0.0283   -0.0491   -0.1645  -0.4323
1849.    0.0075  -0.0299    0.0075   -0.0299   -0.0588   -0.0910  -0.4830
1850.   -0.0278  -0.0648   -0.0278   -0.0648   -0.0648   -0.0648  -0.5338
1851.   -0.0240  -0.0640   -0.0240   -0.0640   -0.0640   -0.0640  -0.5338
1852.   -0.0342  -0.0779   -0.0342   -0.0779   -0.0779   -0.0779  -0.5338
1853.   -0.0517  -0.0972   -0.0517   -0.0972   -0.0972   -0.0972  -0.5303
1854.   -0.0742  -0.1188   -0.0742   -0.1188   -0.1188   -0.1188  -0.5145
1855.   -0.0899  -0.1325   -0.0899   -0.1325   -0.1325   -0.1325  -0.4760
1856.   -0.0916  -0.1321   -0.0916   -0.1321   -0.1321   -0.1321  -0.4288
1857.   -0.0740  -0.1129   -0.0740   -0.1129   -0.1129   -0.1129  -0.3658
1858.   -0.0408  -0.0792   -0.0408   -0.0792   -0.0792   -0.0792  -0.2888
1859.   -0.0025  -0.0411   -0.0025   -0.0411   -0.0411   -0.0411  -0.1995
1860.    0.0099  -0.0294    0.0099   -0.0294   -0.0294   -0.0294  -0.1645
1861.   -0.0085  -0.0486   -0.0085   -0.0486   -0.0486   -0.0486  -0.1383
1862.   -0.0333  -0.0749   -0.0333   -0.0749   -0.0749   -0.0749  -0.1295
1863.   -0.0451  -0.0895   -0.0451   -0.0895   -0.0895   -0.0895  -0.1505
1864.   -0.0530  -0.1005   -0.0530   -0.1005   -0.1005   -0.1005  -0.1470
1865.   -0.0677  -0.1163   -0.0677   -0.1163   -0.1163   -0.1163  -0.1698
1866.   -0.0786  -0.1274   -0.0786   -0.1274   -0.1274   -0.1274  -0.2030
1867.   -0.0878  -0.1366   -0.0878   -0.1366   -0.1366   -0.1366  -0.2380
1868.   -0.0599  -0.1086   -0.0599   -0.1086   -0.1086   -0.1086  -0.2135
1869.   -0.0188  -0.0673   -0.0188   -0.0673   -0.0673   -0.0673  -0.1785
1870.    0.0229  -0.0255    0.0229   -0.0255   -0.0255   -0.0255  -0.1015
1871.    0.0114  -0.0360    0.0114   -0.0360   -0.0360   -0.0360  -0.1575
1872.    0.0031  -0.0442    0.0031   -0.0442   -0.0442   -0.0442  -0.1820
1873.   -0.0318  -0.0793   -0.0318   -0.0793   -0.0793   -0.0793  -0.2433
1874.   -0.0524  -0.1018   -0.0524   -0.1018   -0.1018   -0.1018  -0.2870
1875.   -0.0764  -0.1278   -0.0764   -0.1278   -0.1278   -0.1278  -0.3517
1876.   -0.0842  -0.1366   -0.0842   -0.1366   -0.1366   -0.1366  -0.3850
1877.   -0.0850  -0.1366   -0.0850   -0.1366   -0.1366   -0.1366  -0.4008
1878.   -0.0921  -0.1416   -0.0921   -0.1416   -0.1416   -0.1416  -0.4288
1879.   -0.0900  -0.1377   -0.0900   -0.1377   -0.1377   -0.1377  -0.4358
1880.   -0.0649  -0.1120   -0.0649   -0.1120   -0.1120   -0.1120  -0.4025
1881.   -0.0398  -0.0867   -0.0398   -0.0867   -0.0867   -0.0867  -0.3780
1882.   -0.0365  -0.0827   -0.0365   -0.0827   -0.0827   -0.0827  -0.3833
1883.   -0.0282  -0.0744   -0.0282   -0.0744   -0.0744   -0.0744  -0.3903
1884.   -0.0453  -0.0916   -0.0453   -0.0916   -0.0916   -0.0916  -0.4043
1885.   -0.0611  -0.1108   -0.0611   -0.1108   -0.1108   -0.1108  -0.4375
1886.   -0.0860  -0.1397   -0.0860   -0.1397   -0.1397   -0.1397  -0.5023
1887.   -0.0904  -0.1473   -0.0904   -0.1473   -0.1473   -0.1473  -0.5408
1888.   -0.0952  -0.1535   -0.0952   -0.1535   -0.1535   -0.1535  -0.5565
1889.   -0.1006  -0.1585   -0.1006   -0.1585   -0.1585   -0.1585  -0.5600
1890.   -0.0960  -0.1524   -0.0960   -0.1524   -0.1524   -0.1524  -0.5635
1891.   -0.0542  -0.1084   -0.0542   -0.1084   -0.1084   -0.1084  -0.5320
1892.   -0.0391  -0.0912   -0.0391   -0.0912   -0.0912   -0.0912  -0.4900
1893.   -0.0165  -0.0665   -0.0165   -0.0665   -0.0665   -0.0665  -0.4795
1894.   -0.0012  -0.0498   -0.0012   -0.0498   -0.0498   -0.0498  -0.5040
1895.   -0.0216  -0.0702   -0.0216   -0.0702   -0.0702   -0.0702  -0.5478
1896.   -0.0519  -0.1018   -0.0519   -0.1018   -0.1018   -0.1018  -0.6003
1897.   -0.0754  -0.1273   -0.0754   -0.1273   -0.1273   -0.1273  -0.6283
1898.   -0.0773  -0.1313   -0.0773   -0.1313   -0.1313   -0.1313  -0.6265
1899.   -0.0852  -0.1403   -0.0852   -0.1403   -0.1403   -0.1403  -0.6528
1900.   -0.0907  -0.1457   -0.0907   -0.1457   -0.1457   -0.1457  -0.6580
1901.   -0.1069  -0.1594   -0.1069   -0.1594   -0.1594   -0.1594  -0.6685
1902.   -0.1091  -0.1579   -0.1091   -0.1579   -0.1579   -0.1579  -0.6615
1903.   -0.0755  -0.1211   -0.0755   -0.1211   -0.1211   -0.1211  -0.6195
1904.   -0.0306  -0.0738   -0.0306   -0.0738   -0.0738   -0.0738  -0.5775
1905.   -0.0650  -0.1069   -0.0650   -0.1069   -0.1069   -0.1069  -0.5285
1906.   -0.0306  -0.0725   -0.0306   -0.0725   -0.0725   -0.0725  -0.5408
1907.   -0.0489  -0.0928   -0.0489   -0.0928   -0.0928   -0.0928  -0.5233
1908.   -0.0345  -0.0814   -0.0345   -0.0814   -0.0814   -0.0814  -0.5425
1909.   -0.0515  -0.1008   -0.0515   -0.1008   -0.1008   -0.1008  -0.5408
1910.   -0.0740  -0.1241   -0.0740   -0.1241   -0.1241   -0.1241  -0.5687
1911.   -0.0895  -0.1387   -0.0895   -0.1387   -0.1387   -0.1387  -0.5775
1912.   -0.0996  -0.1468   -0.0996   -0.1468   -0.1468   -0.1468  -0.5687
1913.   -0.0991  -0.1439   -0.0991   -0.1439   -0.1439   -0.1439  -0.5635
1914.   -0.0892  -0.1322   -0.0892   -0.1322   -0.1322   -0.1322  -0.5408
1915.   -0.0370  -0.0789   -0.0370   -0.0789   -0.0789   -0.0789  -0.4708
1916.   -0.0009  -0.0422   -0.0009   -0.0422   -0.0422   -0.0422  -0.4480
1917.    0.0249  -0.0161    0.0249   -0.0161   -0.0161   -0.0161  -0.3640
1918.    0.0184  -0.0228    0.0184   -0.0228   -0.0228   -0.0228  -0.3903
1919.   -0.0214  -0.0630   -0.0214   -0.0630   -0.0630   -0.0630  -0.4043
1920.   -0.0503  -0.0914   -0.0503   -0.0914   -0.0914   -0.0914  -0.4305
1921.   -0.0709  -0.1098   -0.0709   -0.1098   -0.1098   -0.1098  -0.4358
1922.   -0.0942  -0.1304   -0.0942   -0.1304   -0.1304   -0.1304  -0.4498
1923.   -0.0908  -0.1249   -0.0908   -0.1249   -0.1249   -0.1249  -0.4585
1924.   -0.0869  -0.1193   -0.0869   -0.1193   -0.1193   -0.1193  -0.4358
1925.   -0.0524  -0.0836   -0.0524   -0.0836   -0.0836   -0.0836  -0.3798
1926.   -0.0359  -0.0659   -0.0359   -0.0659   -0.0659   -0.0659  -0.3325
1927.   -0.0046  -0.0338   -0.0046   -0.0338   -0.0338   -0.0338  -0.3098
1928.   -0.0265  -0.0552   -0.0265   -0.0552   -0.0552   -0.0552  -0.2818
1929.   -0.0345  -0.0624   -0.0345   -0.0624   -0.0624   -0.0624  -0.2835
1930.   -0.0392  -0.0655   -0.0392   -0.0655   -0.0655   -0.0655  -0.3150
1931.   -0.0634  -0.0869   -0.0634   -0.0869   -0.0869   -0.0869  -0.3308
1932.   -0.0843  -0.1056   -0.0843   -0.1056   -0.1056   -0.1056  -0.3413
1933.   -0.1068  -0.1268   -0.1068   -0.1268   -0.1268   -0.1268  -0.3430
1934.   -0.0882  -0.1072   -0.0882   -0.1072   -0.1072   -0.1072  -0.3238
1935.   -0.0508  -0.0693   -0.0508   -0.0693   -0.0693   -0.0693  -0.2642
1936.    0.0170  -0.0012    0.0170   -0.0012   -0.0012   -0.0012  -0.1838
1937.    0.0056  -0.0127    0.0056   -0.0127   -0.0127   -0.0127  -0.1190
1938.   -0.0056  -0.0240   -0.0056   -0.0240   -0.0240   -0.0240  -0.1068
1939.   -0.0089  -0.0268   -0.0089   -0.0268   -0.0268   -0.0268  -0.1208
1940.   -0.0220  -0.0378   -0.0220   -0.0378   -0.0378   -0.0378  -0.1435
1941.   -0.0397  -0.0516   -0.0397   -0.0516   -0.0516   -0.0516  -0.1680
1942.   -0.0622  -0.0697   -0.0622   -0.0697   -0.0697   -0.0697  -0.1855
1943.   -0.0936  -0.0973   -0.0936   -0.0973   -0.0973   -0.0973  -0.1890
1944.   -0.0906  -0.0921   -0.0906   -0.0921   -0.0921   -0.0921  -0.1767
1945.   -0.0446  -0.0453   -0.0446   -0.0453   -0.0453   -0.0453  -0.1225
1946.   -0.0277  -0.0282   -0.0277   -0.0282   -0.0282   -0.0282  -0.0280
1947.    0.0138   0.0137    0.0138    0.0137    0.0137    0.0137   0.0577
1948.    0.0363   0.0366    0.0363    0.0366    0.0366    0.0366   0.0420
1949.    0.0197   0.0202    0.0197    0.0202    0.0202    0.0202   0.0472
1950.   -0.0228  -0.0222   -0.0228   -0.0222   -0.0222   -0.0222   0.0017
1951.   -0.0644  -0.0636   -0.0644   -0.0636   -0.0636   -0.0636   0.0000
1952.   -0.0656  -0.0652   -0.0656   -0.0652   -0.0652   -0.0652  -0.0473
1953.   -0.0890  -0.0895   -0.0890   -0.0895   -0.0895   -0.0895  -0.0718
1954.   -0.0840  -0.0846   -0.0840   -0.0846   -0.0846   -0.0846  -0.0875
1955.   -0.0631  -0.0635   -0.0631   -0.0635   -0.0635   -0.0635  -0.0473
1956.    0.0297   0.0299    0.0297    0.0299    0.0299    0.0299   0.0840
1957.    0.0916   0.0924    0.0916    0.0924    0.0924    0.0924   0.1435
1958.    0.0848   0.0862    0.0848    0.0862    0.0862    0.0862   0.1347
1959.    0.0405   0.0425    0.0405    0.0425    0.0425    0.0425   0.0997
1960.    0.0224   0.0239    0.0224    0.0239    0.0239    0.0239   0.0367
1961.   -0.0380  -0.0385   -0.0380   -0.0385   -0.0385   -0.0385  -0.0403
1962.   -0.0655  -0.0685   -0.0655   -0.0685   -0.0685   -0.0685  -0.0630
1963.   -0.0743  -0.0776   -0.0743   -0.0776   -0.0776   -0.0776  -0.0788
1964.   -0.0750  -0.0774   -0.0750   -0.0774   -0.0774   -0.0774  -0.1033
1965.   -0.0704  -0.0710   -0.0704   -0.0710   -0.0710   -0.0710  -0.0998
1966.   -0.0410  -0.0389   -0.0410   -0.0389   -0.0389   -0.0389  -0.0613
1967.   -0.0089  -0.0045   -0.0089   -0.0045   -0.0045   -0.0045  -0.0017
1968.   -0.0018   0.0043   -0.0018    0.0043    0.0043    0.0043   0.0105
1969.    0.0117   0.0188    0.0117    0.0188    0.0188    0.0188   0.0087
1970.    0.0111   0.0180    0.0111    0.0180    0.0180    0.0180   0.0052
1971.   -0.0358  -0.0318   -0.0358   -0.0318   -0.0318   -0.0318  -0.0473
1972.   -0.0154  -0.0153   -0.0154   -0.0153   -0.0153   -0.0153  -0.0455
1973.   -0.0572  -0.0597   -0.0572   -0.0597   -0.0597   -0.0597  -0.0892
1974.   -0.0692  -0.0723   -0.0692   -0.0723   -0.0723   -0.0723  -0.0963
1975.   -0.1038  -0.1060   -0.1038   -0.1060   -0.1060   -0.1060  -0.1243
1976.   -0.0865  -0.0866   -0.0865   -0.0866   -0.0866   -0.0866  -0.1295
1977.   -0.0552  -0.0537   -0.0552   -0.0537   -0.0537   -0.0537  -0.1068
1978.    0.0213   0.0236    0.0213    0.0236    0.0236    0.0236  -0.0158
1979.    0.0839   0.0866    0.0839    0.0866    0.0866    0.0866   0.0700
1980.    0.0862   0.0889    0.0862    0.0889    0.0889    0.0889   0.0717
1981.    0.0950   0.0971    0.0950    0.0971    0.0971    0.0971   0.0577
1982.    0.0246   0.0255    0.0246    0.0255    0.0255    0.0255   0.0297
1983.    0.0103   0.0104    0.0103    0.0104    0.0104    0.0104  -0.0298
1984.   -0.0580  -0.0577   -0.0580   -0.0577   -0.0577   -0.0577  -0.0525
1985.   -0.0878  -0.0872   -0.0878   -0.0872   -0.0872   -0.0872  -0.0858
1986.   -0.0885  -0.0879   -0.0885   -0.0879   -0.0879   -0.0879  -0.0858
1987.   -0.0619  -0.0613   -0.0619   -0.0613   -0.0613   -0.0613  -0.0630
1988.   -0.0106  -0.0100   -0.0106   -0.0100   -0.0100   -0.0100   0.0315
1989.    0.0883   0.0889    0.0883    0.0889    0.0889    0.0889   0.1102
1990.    0.0717   0.0723    0.0717    0.0723    0.0723    0.0723   0.0945
1991.    0.0529   0.0535    0.0529    0.0535    0.0535    0.0535   0.1015
1992.    0.0278   0.0284    0.0278    0.0284    0.0284    0.0284   0.0402
1993.   -0.0201  -0.0195   -0.0201   -0.0195   -0.0195   -0.0195  -0.0053
1994.   -0.0606  -0.0600   -0.0606   -0.0600   -0.0600   -0.0600  -0.0315
1995.   -0.0777  -0.0771   -0.0777   -0.0771   -0.0771   -0.0771  -0.0437
1996.   -0.0930  -0.0924   -0.0930   -0.0924   -0.0924   -0.0924  -0.0508
1997.   -0.0706  -0.0700   -0.0706   -0.0700   -0.0700   -0.0700  -0.0298
1998.   -0.0072  -0.0066   -0.0072   -0.0066   -0.0066   -0.0066   0.0262
1999.    0.0423   0.0429    0.0423    0.0429    0.0429    0.0429   0.0577
2000.    0.0951   0.0951    0.0951    0.0951    0.0951    0.0951   0.0858
