Volcanic forcing (absolute W/m2) 
 year   GRA       CEA
 850    0.0000   -0.1295
 851    0.0000   -0.3546
 852    0.0000   -0.0811
 853    0.0000   -0.0181
 854    0.0000   -1.4941
 855   -1.7476   -1.2044
 856   -1.0290   -0.4430
 857   -0.1920   -0.1630
 858   -0.0329   -0.2133
 859   -0.0055   -0.0469
 860   -0.0004   -0.0104
 861    0.0000   -0.0014
 862    0.0000    0.0000
 863    0.0000    0.0000
 864    0.0000    0.0000
 865    0.0000    0.0000
 866    0.0000    0.0000
 867    0.0000    0.0000
 868    0.0000    0.0000
 869    0.0000    0.0000
 870    0.0000    0.0000
 871   -1.7162    0.0000
 872   -1.0397    0.0000
 873   -0.1953    0.0000
 874   -0.0335   -0.3925
 875   -0.0056   -0.1282
 876   -0.0004   -0.0953
 877    0.0000   -0.0215
 878   -0.2738   -0.0039
 879   -0.1821   -0.0004
 880   -0.0349    0.0000
 881   -0.0060   -0.1617
 882   -0.0010   -0.0484
 883   -0.0001   -0.0108
 884    0.0000   -0.0014
 885    0.0000    0.0000
 886    0.0000    0.0000
 887    0.0000    0.0000
 888    0.0000    0.0000
 889    0.0000    0.0000
 890    0.0000    0.0000
 891    0.0000    0.0000
 892    0.0000    0.0000
 893    0.0000    0.0000
 894   -0.1817    0.0000
 895   -0.1208    0.0000
 896   -0.0232   -0.5383
 897   -0.0040   -2.1504
 898   -0.0007   -0.8881
 899   -0.3039   -0.3268
 900   -0.2021   -0.1202
 901   -0.0387   -0.1571
 902   -1.5807   -0.0393
 903   -0.9732   -0.1564
 904   -0.1835   -0.0451
 905   -0.0315   -0.0098
 906   -0.0053   -0.0013
 907   -0.0004   -0.0823
 908    0.0000   -0.0222
 909    0.0000   -0.0050
 910    0.0000   -0.0006
 911    0.0000   -0.6296
 912    0.0000   -0.2087
 913    0.0000   -0.0465
 914    0.0000   -0.0068
 915    0.0000    0.0000
 916    0.0000    0.0000
 917    0.0000    0.0000
 918    0.0000   -0.2273
 919    0.0000   -0.0710
 920    0.0000   -0.0158
 921    0.0000   -0.0022
 922    0.0000    0.0000
 923    0.0000    0.0000
 924    0.0000   -0.3411
 925    0.0000   -0.1087
 926    0.0000   -0.0243
 927    0.0000   -0.0034
 928    0.0000    0.0000
 929    0.0000    0.0000
 930   -0.8472    0.0000
 931   -0.4532    0.0000
 932   -0.0825    0.0000
 933   -0.0141    0.0000
 934   -2.0353    0.0000
 935   -1.3531    0.0000
 936   -0.2593    0.0000
 937   -0.0447    0.0000
 938   -0.0075    0.0000
 939   -0.0005   -0.1213
 940   -0.1319   -0.4505
 941   -0.0706   -0.2962
 942   -0.0129   -0.0654
 943   -0.0022   -0.0127
 944   -0.0004    0.0000
 945   -0.0000    0.0000
 946   -0.2962    0.0000
 947   -0.1628   -0.2597
 948   -0.0294   -0.1719
 949   -0.0050   -0.0384
 950   -0.0008   -0.0074
 951   -0.0001    0.0000
 952    0.0000    0.0000
 953    0.0000    0.0000
 954    0.0000    0.0000
 955    0.0000    0.0000
 956    0.0000    0.0000
 957    0.0000   -0.1236
 958    0.0000   -0.0510
 959    0.0000   -0.0114
 960    0.0000   -0.0019
 961    0.0000   -0.2699
 962   -1.3365   -0.0851
 963   -0.7489   -0.0190
 964   -0.1381   -0.0027
 965   -0.0236    0.0000
 966   -0.0040   -0.1896
 967   -0.0003   -0.0574
 968    0.0000   -0.3351
 969    0.0000   -0.1042
 970    0.0000   -0.0229
 971    0.0000   -2.3255
 972    0.0000   -1.8947
 973    0.0000   -0.6970
 974    0.0000   -0.3901
 975    0.0000   -0.1284
 976    0.0000   -0.0088
 977    0.0000   -0.0012
 978    0.0000    0.0000
 979    0.0000    0.0000
 980    0.0000    0.0000
 981    0.0000    0.0000
 982    0.0000    0.0000
 983    0.0000    0.0000
 984    0.0000    0.0000
 985    0.0000   -0.2842
 986    0.0000   -0.0899
 987    0.0000   -0.0201
 988   -0.5403   -0.0841
 989   -0.3409   -0.2460
 990   -0.0658   -0.0972
 991   -0.0114   -1.1428
 992   -0.0019   -0.7555
 993   -0.0001   -0.2484
 994    0.0000   -0.0825
 995    0.0000   -0.2484
 996    0.0000   -0.0693
 997    0.0000   -0.0155
 998    0.0000   -0.0022
 999    0.0000    0.0000
1000    0.0000    0.0000
1001    0.0000    0.0000
1002   -1.6863    0.0000
1003   -1.0004   -0.3925
1004   -0.1870   -0.1282
1005   -0.0320   -0.0286
1006   -0.0054   -0.5176
1007   -0.0004   -0.1693
1008    0.0000   -0.0377
1009    0.0000   -0.0055
1010    0.0000   -0.1213
1011    0.0000   -0.0348
1012    0.0000   -0.0077
1013    0.0000   -0.0010
1014    0.0000    0.0000
1015    0.0000   -0.0823
1016    0.0000   -0.0222
1017    0.0000   -0.0050
1018    0.0000   -0.8030
1019   -0.4523   -0.2646
1020   -0.3008   -0.0590
1021   -0.0576   -0.4738
1022   -0.0099   -0.1528
1023   -0.0017   -0.0341
1024   -0.0001   -0.5325
1025    0.0000   -0.7665
1026    0.0000   -0.1715
1027    0.0000   -0.0378
1028    0.0000    0.0000
1029    0.0000    0.0000
1030    0.0000    0.0000
1031   -0.6057    0.0000
1032   -0.3240    0.0000
1033   -0.0590    0.0000
1034   -0.0101    0.0000
1035   -0.0017    0.0000
1036   -0.0001    0.0000
1037    0.0000    0.0000
1038    0.0000    0.0000
1039    0.0000    0.0000
1040    0.0000   -0.5700
1041   -0.1821   -1.5736
1042   -0.1149   -0.7996
1043   -0.0222   -0.6139
1044   -0.0038   -0.3530
1045   -0.0006   -0.3678
1046   -0.0000   -0.1153
1047    0.0000   -0.2714
1048    0.0000   -0.0782
1049    0.0000   -0.0169
1050    0.0000   -0.0024
1051   -0.2831    0.0000
1052   -0.1514    0.0000
1053   -0.0276    0.0000
1054   -0.0047    0.0000
1055   -0.0008    0.0000
1056   -0.0001    0.0000
1057    0.0000    0.0000
1058    0.0000    0.0000
1059    0.0000    0.0000
1060    0.0000   -0.7542
1061   -0.1644   -0.2481
1062   -0.1094   -0.0554
1063   -0.0210   -0.0081
1064   -0.0036   -0.0823
1065   -0.0006   -0.0222
1066   -0.0000   -0.0050
1067    0.0000   -0.3931
1068    0.0000   -0.1282
1069    0.0000   -0.0286
1070    0.0000   -0.0042
1071    0.0000    0.0000
1072    0.0000    0.0000
1073    0.0000    0.0000
1074    0.0000   -0.1074
1075    0.0000   -0.0304
1076    0.0000   -0.1404
1077    0.0000   -0.0402
1078    0.0000   -0.0088
1079    0.0000   -0.0012
1080    0.0000    0.0000
1081    0.0000    0.0000
1082   -1.3568    0.0000
1083   -0.8441    0.0000
1084   -0.1595    0.0000
1085   -0.0274   -0.0384
1086   -0.0046   -0.0325
1087   -0.0003   -0.0072
1088    0.0000   -0.0015
1089    0.0000    0.0000
1090    0.0000    0.0000
1091    0.0000    0.0000
1092    0.0000    0.0000
1093    0.0000    0.0000
1094    0.0000    0.0000
1095   -0.5053   -0.0298
1096   -0.2703   -0.0629
1097   -0.0492   -0.0140
1098   -0.0084   -0.0032
1099   -0.0014   -0.0001
1100   -0.0001   -0.3554
1101    0.0000   -0.1135
1102    0.0000   -0.0253
1103    0.0000   -0.0035
1104    0.0000    0.0000
1105    0.0000    0.0000
1106    0.0000    0.0000
1107    0.0000    0.0000
1108    0.0000    0.0000
1109    0.0000    0.0000
1110    0.0000   -0.0667
1111   -0.3267   -0.0173
1112   -0.1748   -0.3739
1113   -0.0318   -1.3486
1114   -0.0054   -0.5506
1115   -0.0009   -0.2025
1116   -0.0001   -0.0745
1117    0.0000   -0.0141
1118    0.0000   -0.4893
1119   -0.2892   -0.1611
1120   -0.1547   -0.0359
1121   -0.0282   -0.2040
1122   -0.0048   -0.0614
1123   -0.0879   -0.0138
1124   -0.0481   -0.0019
1125   -0.0087    0.0000
1126   -0.0015    0.0000
1127   -0.0002    0.0000
1128   -0.0000   -0.2281
1129    0.0000   -0.2991
1130    0.0000   -0.0668
1131    0.0000   -0.1400
1132    0.0000   -0.1501
1133   -0.2060   -0.0335
1134   -0.1102   -0.0396
1135   -0.0201   -0.0260
1136   -0.0034   -0.0058
1137   -0.0006   -0.0012
1138   -0.0000   -0.0280
1139    0.0000   -0.0065
1140    0.0000   -0.0681
1141    0.0000   -0.0174
1142    0.0000   -0.0039
1143   -0.0833   -0.0004
1144   -0.0446   -0.0257
1145   -0.0081   -0.0492
1146   -0.0014   -0.0109
1147   -0.0002   -0.1641
1148   -0.0000   -0.0484
1149    0.0000   -0.0108
1150    0.0000   -0.0014
1151   -0.2151   -0.2510
1152   -0.1151   -0.0788
1153   -0.0210   -0.0176
1154   -0.0036   -0.0025
1155   -0.0006   -0.2842
1156   -0.0000   -0.0899
1157    0.0000   -0.0201
1158    0.0000   -0.0028
1159   -2.2542    0.0000
1160   -1.2389   -0.1383
1161   -0.2236   -0.0408
1162   -0.0380   -0.0091
1163   -0.0064   -0.0012
1164   -0.0004    0.0000
1165    0.0000   -0.2504
1166    0.0000   -0.3304
1167    0.0000   -0.0737
1168    0.0000   -0.0163
1169    0.0000   -0.1343
1170    0.0000   -0.4930
1171    0.0000   -0.5590
1172    0.0000   -0.1715
1173    0.0000   -0.0342
1174    0.0000   -0.0047
1175    0.0000   -0.0846
1176    0.0000   -0.5531
1177   -2.5889   -0.1719
1178   -2.2143   -0.0382
1179   -0.4316   -0.0049
1180   -0.0747    0.0000
1181   -0.0126   -0.0667
1182   -0.0011   -0.0173
1183    0.0000   -0.0039
1184    0.0000   -0.2274
1185    0.0000   -0.0784
1186    0.0000   -0.0175
1187    0.0000   -0.0026
1188    0.0000    0.0000
1189   -0.3556   -0.0499
1190   -0.2243   -0.0123
1191   -0.0433   -0.0028
1192   -0.0075   -0.0003
1193   -0.0013   -1.6981
1194   -0.0001   -1.3898
1195    0.0000   -0.5110
1196    0.0000   -0.6338
1197    0.0000   -0.2117
1198    0.0000   -0.4542
1199    0.0000   -0.1428
1200    0.0000   -0.0308
1201    0.0000   -0.0045
1202    0.0000    0.0000
1203    0.0000   -0.2034
1204    0.0000   -0.0569
1205    0.0000   -0.1553
1206    0.0000   -0.1751
1207    0.0000   -0.0387
1208    0.0000   -0.0084
1209    0.0000    0.0000
1210    0.0000    0.0000
1211    0.0000    0.0000
1212    0.0000    0.0000
1213    0.0000    0.0000
1214   -4.7371    0.0000
1215   -2.9169    0.0000
1216   -0.5573   -0.0667
1217   -0.0960   -0.0173
1218   -0.0161   -0.0039
1219   -0.0012   -0.0584
1220    0.0000   -0.0560
1221    0.0000   -0.0124
1222    0.0000   -0.1876
1223    0.0000   -0.0560
1224    0.0000   -0.0124
1225    0.0000   -0.4909
1226    0.0000   -0.1611
1227    0.0000   -0.0359
1228    0.0000   -2.6006
1229    0.0000   -4.9767
1230    0.0000   -2.4637
1231    0.0000   -0.8850
1232    0.0000   -0.5641
1233   -1.4104   -0.3895
1234   -0.7544   -0.5471
1235   -0.1374   -0.1719
1236   -0.0234   -0.2763
1237   -0.0039   -0.0807
1238   -0.0003   -0.0169
1239    0.0000   -0.0024
1240    0.0000    0.0000
1241    0.0000    0.0000
1242    0.0000    0.0000
1243    0.0000    0.0000
1244    0.0000    0.0000
1245    0.0000    0.0000
1246    0.0000    0.0000
1247    0.0000   -0.1167
1248    0.0000   -0.0333
1249    0.0000   -0.0074
1250    0.0000   -0.0010
1251    0.0000   -0.1167
1252    0.0000   -0.0333
1253    0.0000   -0.0074
1254    0.0000   -0.0010
1255    0.0000    0.0000
1256    0.0000    0.0000
1257    0.0000   -1.5698
1258    0.0000  -11.2387
1259  -20.7035   -5.1144
1260  -12.2913   -0.8563
1261   -2.2975   -0.1104
1262   -0.3939   -0.0111
1263   -0.0661   -0.0013
1264   -0.0048    0.0000
1265    0.0000    0.0000
1266    0.0000    0.0000
1267    0.0000    0.0000
1268    0.0000   -1.0000
1269   -1.5727   -0.4597
1270   -0.8413   -0.2164
1271   -0.1532   -0.0423
1272   -0.0261   -0.0068
1273   -0.0044   -0.1757
1274   -0.0003   -0.0529
1275    0.0000   -0.2745
1276   -6.2190   -0.3494
1277   -3.3808   -0.3354
1278   -0.6184   -0.3580
1279   -0.1055   -0.0761
1280   -0.0177   -0.0168
1281   -0.0014   -0.1476
1282    0.0000   -0.1801
1283    0.0000   -0.0402
1284    0.0000   -0.0087
1285   -4.6840   -0.6824
1286   -2.6980   -3.5188
1287   -0.5007   -2.9057
1288   -0.0857   -1.0704
1289   -0.0144   -0.5547
1290   -0.0011   -0.3301
1291    0.0000   -0.0446
1292    0.0000   -0.0097
1293    0.0000   -0.1336
1294    0.0000   -0.2666
1295    0.0000   -0.0798
1296    0.0000   -0.3268
1297    0.0000   -0.4162
1298    0.0000   -0.0923
1299    0.0000   -0.0203
1300    0.0000    0.0000
1301    0.0000   -0.4653
1302    0.0000   -0.4336
1303    0.0000   -0.0968
1304    0.0000   -0.0202
1305    0.0000    0.0000
1306    0.0000   -0.0140
1307    0.0000   -0.1836
1308   -0.1197   -0.3393
1309   -0.0640   -0.1021
1310   -0.0117   -0.0217
1311   -0.0020   -0.0028
1312   -0.0003   -0.4893
1313   -0.0000   -0.1611
1314    0.0000   -0.0359
1315    0.0000   -0.0053
1316    0.0000   -0.1253
1317   -0.1857   -0.1501
1318   -0.0993   -0.0335
1319   -0.0181   -0.0073
1320   -0.0031   -0.1617
1321   -0.0005   -0.0484
1322   -0.0000   -0.0108
1323    0.0000   -0.0014
1324    0.0000    0.0000
1325    0.0000    0.0000
1326    0.0000    0.0000
1327    0.0000   -0.1476
1328    0.0000   -0.1801
1329   -1.2602   -0.1729
1330   -0.8382   -0.5003
1331   -0.1606   -1.2524
1332   -0.0277   -0.5313
1333   -0.0047   -0.1848
1334   -0.0003   -0.0661
1335    0.0000   -0.0117
1336    0.0000   -0.2273
1337    0.0000   -0.0710
1338    0.0000   -0.0158
1339    0.0000   -0.3765
1340    0.0000   -0.4974
1341    0.0000   -0.3886
1342   -2.9469   -0.3932
1343   -1.6232   -0.0823
1344   -0.2979   -0.1820
1345   -0.0509   -0.6150
1346   -0.0085   -0.1413
1347   -0.0006   -0.3015
1348    0.0000   -0.0871
1349    0.0000   -0.0190
1350    0.0000   -0.0027
1351    0.0000    0.0000
1352    0.0000    0.0000
1353    0.0000   -0.1757
1354    0.0000   -0.1651
1355    0.0000   -0.0437
1356    0.0000   -0.0087
1357    0.0000   -0.0676
1358    0.0000   -0.1790
1359   -0.1106   -0.0522
1360   -0.0592   -0.0935
1361   -0.0108   -0.0237
1362   -0.0018   -0.0050
1363   -0.0003   -0.0006
1364   -0.0000    0.0000
1365    0.0000    0.0000
1366    0.0000   -0.1476
1367    0.0000   -0.0439
1368    0.0000   -0.0098
1369    0.0000   -0.4229
1370    0.0000   -0.1381
1371   -0.3365   -0.0308
1372   -0.2123   -0.5074
1373   -0.0410   -0.1573
1374   -0.0071   -0.0351
1375   -0.0012   -0.0048
1376   -0.0001   -0.3269
1377    0.0000   -0.1040
1378    0.0000   -0.0232
1379    0.0000   -0.0032
1380    0.0000    0.0000
1381    0.0000   -0.1699
1382   -0.5347   -0.2102
1383   -0.2860   -0.0469
1384   -0.0521   -0.0102
1385   -0.0089   -0.2510
1386   -0.0015   -0.0788
1387   -0.0001   -0.0176
1388    0.0000   -0.2380
1389    0.0000   -0.3096
1390    0.0000   -0.0690
1391    0.0000   -0.0152
1392    0.0000    0.0000
1393    0.0000    0.0000
1394    0.0000    0.0000
1395    0.0000    0.0000
1396    0.0000    0.0000
1397    0.0000    0.0000
1398    0.0000    0.0000
1399    0.0000   -0.1266
1400    0.0000   -0.0618
1401    0.0000   -0.0138
1402    0.0000   -0.0024
1403    0.0000    0.0000
1404    0.0000    0.0000
1405    0.0000   -0.0688
1406    0.0000   -0.0706
1407    0.0000   -0.0158
1408    0.0000   -0.2265
1409    0.0000   -0.2922
1410    0.0000   -0.0652
1411    0.0000   -0.2653
1412    0.0000   -0.0788
1413    0.0000   -0.0176
1414    0.0000   -0.1501
1415    0.0000   -0.0439
1416    0.0000   -0.0098
1417   -0.7781   -0.0013
1418   -0.4618    0.0000
1419   -0.0863    0.0000
1420   -0.0148   -0.1709
1421   -0.0025   -0.0514
1422   -0.0002   -0.2814
1423    0.0000   -0.0867
1424    0.0000   -0.0190
1425    0.0000   -0.0027
1426    0.0000    0.0000
1427    0.0000   -0.3799
1428    0.0000   -0.1165
1429    0.0000   -0.0260
1430    0.0000   -0.0036
1431    0.0000    0.0000
1432    0.0000    0.0000
1433    0.0000    0.0000
1434    0.0000    0.0000
1435    0.0000   -0.1569
1436    0.0000   -0.0469
1437    0.0000   -0.0104
1438    0.0000   -0.0014
1439    0.0000    0.0000
1440    0.0000    0.0000
1441    0.0000   -0.4963
1442    0.0000   -1.9675
1443    0.0000   -0.8083
1444    0.0000   -0.2974
1445    0.0000   -0.2430
1446    0.0000   -0.0608
1447    0.0000   -0.0088
1448    0.0000   -0.0012
1449    0.0000    0.0000
1450    0.0000    0.0000
1451    0.0000   -0.4313
1452    0.0000   -0.1413
1453  -12.2791   -0.0315
1454   -6.9401   -0.3030
1455   -1.2820   -1.1219
1456   -0.2192   -5.4352
1457   -0.0367   -3.8553
1458   -0.0028   -1.7776
1459    0.0000   -1.1787
1460   -1.4009   -0.9482
1461   -0.9318   -0.1715
1462   -0.1785   -0.0378
1463   -0.0308   -0.2355
1464   -0.0052   -0.3096
1465   -0.0004   -0.0690
1466    0.0000   -0.0152
1467    0.0000   -0.0417
1468    0.0000   -0.0367
1469    0.0000   -0.0082
1470    0.0000   -0.0017
1471    0.0000   -0.1617
1472    0.0000   -0.0484
1473    0.0000   -0.0108
1474    0.0000   -0.2713
1475   -0.3369   -0.0851
1476   -0.1802   -0.0190
1477   -1.0567   -0.0027
1478   -0.5512    0.0000
1479   -0.1040    0.0000
1480   -0.0179   -0.2231
1481   -0.6026   -0.2922
1482   -0.2092   -0.1611
1483   -0.0384   -0.0408
1484   -0.0066   -0.0059
1485   -0.0011   -0.0007
1486    0.0000    0.0000
1487    0.0000    0.0000
1488    0.0000    0.0000
1489    0.0000   -0.1617
1490    0.0000   -0.0484
1491    0.0000   -0.0108
1492    0.0000   -0.0014
1493    0.0000   -0.2083
1494    0.0000   -0.2713
1495    0.0000   -0.0606
1496    0.0000   -0.0133
1497    0.0000   -0.1476
1498    0.0000   -0.0439
1499    0.0000   -0.0098
1500    0.0000   -0.0013
1501    0.0000    0.0000
1502    0.0000    0.0000
1503    0.0000   -0.1988
1504   -0.1100   -0.0614
1505   -0.0732   -0.1614
1506   -0.0140   -0.1671
1507   -0.0024   -0.0446
1508   -0.0004   -0.4230
1509   -0.0000   -0.2431
1510    0.0000   -0.0540
1511    0.0000   -0.0102
1512    0.0000    0.0000
1513   -0.2712    0.0000
1514   -0.1804    0.0000
1515   -0.0346   -0.3269
1516   -0.0060   -0.1040
1517   -0.0010   -0.0232
1518   -0.0001   -0.0032
1519    0.0000    0.0000
1520    0.0000   -0.0712
1521    0.0000   -0.1523
1522    0.0000   -0.0435
1523    0.0000   -0.0759
1524    0.0000   -0.1614
1525    0.0000   -0.1806
1526    0.0000   -0.5029
1527   -0.2264   -0.1145
1528   -0.1506   -0.0532
1529   -0.0289   -0.0081
1530   -0.0050   -0.0681
1531   -0.0008   -0.0174
1532   -0.0001   -0.0039
1533    0.0000   -0.0388
1534    0.0000   -0.0091
1535   -0.3104   -0.0020
1536   -0.2717   -0.1369
1537   -0.0508   -0.2832
1538   -0.0087   -0.0634
1539   -0.0015   -0.0281
1540   -0.0002   -0.0036
1541    0.0000   -0.0008
1542    0.0000   -0.2273
1543    0.0000   -0.0710
1544    0.0000   -0.0158
1545    0.0000   -0.0022
1546    0.0000    0.0000
1547    0.0000    0.0000
1548    0.0000    0.0000
1549    0.0000    0.0000
1550    0.0000    0.0000
1551    0.0000    0.0000
1552    0.0000    0.0000
1553    0.0000   -0.2449
1554    0.0000   -0.5554
1555    0.0000   -0.2460
1556    0.0000   -0.0626
1557    0.0000   -0.0087
1558    0.0000   -0.0010
1559    0.0000    0.0000
1560    0.0000    0.0000
1561    0.0000   -0.6054
1562    0.0000   -0.2004
1563    0.0000   -0.3716
1564    0.0000   -0.1106
1565    0.0000   -0.0232
1566    0.0000   -0.0032
1567    0.0000   -0.2463
1568    0.0000   -0.1412
1569    0.0000   -0.0315
1570    0.0000   -0.2189
1571    0.0000   -0.3076
1572    0.0000   -0.1742
1573    0.0000   -0.2948
1574    0.0000   -0.0652
1575    0.0000   -0.4586
1576    0.0000   -1.0679
1577    0.0000   -0.3877
1578    0.0000   -0.4051
1579    0.0000   -0.1308
1580    0.0000   -0.2428
1581    0.0000   -0.0642
1582    0.0000   -0.0138
1583    0.0000   -0.2148
1584    0.0000   -0.0662
1585   -1.5480   -1.0584
1586   -1.0297   -0.3636
1587   -0.1973   -0.0807
1588   -0.0340   -0.3007
1589   -0.0057   -0.0914
1590   -0.0004   -0.0204
1591    0.0000   -0.2017
1592    0.0000   -0.0614
1593    0.0000   -0.3873
1594   -0.9680   -1.3665
1595   -0.5178   -0.5573
1596   -0.0943   -0.4180
1597   -0.0161   -0.1416
1598   -0.0027   -0.0289
1599   -0.0002   -0.0021
1600    0.0000   -2.9388
1601   -4.7642   -2.6366
1602   -1.9368   -1.0077
1603   -0.3572   -0.3707
1604   -0.0610   -0.1307
1605   -0.0102    0.0000
1606   -0.0003    0.0000
1607    0.0000   -0.2539
1608    0.0000   -0.0814
1609    0.0000   -0.0182
1610    0.0000   -0.1284
1611    0.0000   -0.0362
1612    0.0000   -0.0081
1613    0.0000   -0.1039
1614    0.0000   -0.2753
1615    0.0000   -0.0837
1616    0.0000   -0.0180
1617    0.0000   -0.0024
1618    0.0000    0.0000
1619    0.0000    0.0000
1620   -0.5307    0.0000
1621   -0.2839   -0.5019
1622   -0.0517   -0.6549
1623   -0.0088   -0.1461
1624   -0.0015   -0.0321
1625   -0.0001    0.0000
1626    0.0000   -0.0823
1627    0.0000   -0.0222
1628    0.0000   -0.0050
1629    0.0000   -0.0006
1630    0.0000   -0.2035
1631    0.0000   -0.0630
1632    0.0000   -0.0140
1633    0.0000   -0.0020
1634    0.0000    0.0000
1635    0.0000    0.0000
1636    0.0000    0.0000
1637    0.0000    0.0000
1638    0.0000    0.0000
1639    0.0000    0.0000
1640    0.0000   -0.4399
1641    0.0000   -3.1380
1642   -4.9596   -2.0180
1643   -1.6045   -0.7235
1644   -0.2908   -0.2558
1645   -0.0495   -0.5317
1646   -0.0083   -0.1462
1647    0.0000   -0.0326
1648    0.0000   -0.0047
1649    0.0000    0.0000
1650    0.0000    0.0000
1651    0.0000    0.0000
1652    0.0000    0.0000
1653    0.0000    0.0000
1654    0.0000    0.0000
1655    0.0000    0.0000
1656    0.0000    0.0000
1657    0.0000    0.0000
1658    0.0000    0.0000
1659    0.0000    0.0000
1660    0.0000    0.0000
1661    0.0000    0.0000
1662    0.0000   -0.2605
1663    0.0000   -0.0819
1664    0.0000   -0.0183
1665    0.0000   -0.0026
1666    0.0000    0.0000
1667    0.0000   -0.3412
1668    0.0000   -0.9508
1669    0.0000   -0.2218
1670    0.0000   -0.0495
1671    0.0000   -0.0022
1672    0.0000    0.0000
1673    0.0000   -1.3905
1674   -1.2549   -2.5684
1675   -0.9118   -0.9710
1676   -0.1713   -0.3572
1677   -0.0294   -0.1305
1678   -0.0049   -0.0153
1679   -0.0005    0.0000
1680    0.0000   -0.4178
1681    0.0000   -0.3655
1682    0.0000   -0.1344
1683    0.0000   -0.0495
1684    0.0000   -0.0173
1685    0.0000    0.0000
1686    0.0000   -0.1185
1687    0.0000   -0.0667
1688    0.0000   -0.0385
1689    0.0000   -0.0123
1690    0.0000   -0.0034
1691    0.0000   -0.0001
1692    0.0000    0.0000
1693    0.0000    0.0000
1694   -2.1789   -2.1077
1695   -1.9078   -3.1630
1696   -0.3564   -3.4158
1697   -0.0611   -1.5075
1698   -0.0103   -0.6534
1699   -0.0011   -0.1811
1700    0.0000   -0.0821
1701    0.0000   -0.0100
1702    0.0000   -0.0404
1703    0.0000   -0.0092
1704    0.0000   -0.1095
1705    0.0000   -0.0306
1706    0.0000   -0.0891
1707    0.0000   -0.0231
1708    0.0000   -0.0050
1709    0.0000   -0.0006
1710    0.0000    0.0000
1711    0.0000    0.0000
1712   -0.3917    0.0000
1713   -0.2095    0.0000
1714   -0.0382    0.0000
1715   -0.0065   -0.0140
1716   -0.0011   -0.0032
1717   -0.0001   -0.0008
1718    0.0000   -0.0001
1719    0.0000    0.0000
1720   -2.0150   -0.1029
1721   -1.3403   -0.0290
1722   -0.2568   -0.0065
1723   -0.0443   -0.0508
1724   -0.0074   -0.0123
1725   -0.0005   -0.0028
1726    0.0000   -0.0003
1727    0.0000    0.0000
1728    0.0000    0.0000
1729    0.0000    0.0000
1730   -0.3712    0.0000
1731   -0.8339   -0.4893
1732   -0.1736   -0.1611
1733   -0.0305   -0.0359
1734   -0.0051   -0.0053
1735   -0.0007    0.0000
1736    0.0000    0.0000
1737    0.0000    0.0000
1738    0.0000    0.0000
1739   -0.1795   -0.3464
1740   -0.3051   -0.6917
1741   -0.0588   -0.1539
1742   -0.0102   -0.0344
1743   -0.0017   -0.0008
1744   -0.0002    0.0000
1745    0.0000    0.0000
1746    0.0000    0.0000
1747    0.0000   -0.1029
1748    0.0000   -0.0290
1749    0.0000   -0.0065
1750    0.0000   -0.0008
1751    0.0000    0.0000
1752    0.0000    0.0000
1753    0.0000    0.0000
1754    0.0000    0.0000
1755    0.0000    0.0000
1756   -0.0909    0.0000
1757   -0.6636    0.0000
1758   -0.1511    0.0000
1759   -0.0269    0.0000
1760   -0.0046   -0.0960
1761   -0.0007   -0.0264
1762   -1.9318   -0.4794
1763   -7.0444   -0.1489
1764   -1.5589   -0.0331
1765   -0.2771   -0.0046
1766   -0.0469    0.0000
1767   -0.0067    0.0000
1768    0.0000    0.0000
1769    0.0000    0.0000
1770    0.0000    0.0000
1771    0.0000    0.0000
1772    0.0000   -0.1121
1773    0.0000   -0.0319
1774    0.0000   -0.0071
1775    0.0000   -0.0009
1776    0.0000    0.0000
1777    0.0000    0.0000
1778    0.0000   -0.1074
1779    0.0000   -0.1127
1780    0.0000   -0.0291
1781    0.0000   -0.0059
1782    0.0000   -0.0006
1783    0.0000   -0.1765
1784    0.0000   -0.8355
1785    0.0000   -0.1939
1786    0.0000   -0.0432
1787    0.0000   -0.0032
1788    0.0000   -0.2130
1789    0.0000   -0.0662
1790    0.0000   -0.0148
1791    0.0000   -0.0021
1792    0.0000    0.0000
1793    0.0000    0.0000
1794    0.0000    0.0000
1795   -0.2071    0.0000
1796   -0.0895   -0.3554
1797   -0.4360   -0.1135
1798   -0.2851   -0.0253
1799   -0.0546   -0.0035
1800   -0.0094    0.0000
1801   -0.0016   -0.2462
1802   -0.0001   -0.0772
1803    0.0000   -0.0172
1804    0.0000   -0.3687
1805    0.0000   -0.1119
1806    0.0000   -0.0249
1807    0.0000   -0.0034
1808    0.0000    0.0000
1809    0.0000   -3.9501
1810   -4.4292   -3.6063
1811   -2.6026   -1.3370
1812   -0.4853   -0.4919
1813   -0.0832   -0.1742
1814   -0.0139    0.0000
1815   -0.0010   -3.9769
1816   -8.9489   -7.2842
1817   -5.2786   -3.8707
1818   -0.9852   -1.4642
1819   -0.1688   -0.5387
1820   -0.0283   -0.0625
1821   -0.0021    0.0000
1822    0.0000    0.0000
1823    0.0000    0.0000
1824    0.0000    0.0000
1825    0.0000    0.0000
1826    0.0000    0.0000
1827    0.0000    0.0000
1828    0.0000    0.0000
1829    0.0000    0.0000
1830    0.0000    0.0000
1831    0.0000   -0.1975
1832   -1.0875   -1.9656
1833   -0.7233   -0.9682
1834   -0.1386   -0.3561
1835   -0.0239   -2.5413
1836   -3.8611   -2.3120
1837   -1.2495   -0.8360
1838   -0.2265   -0.3076
1839   -0.0385   -0.1110
1840   -0.0065   -0.0758
1841    0.0000   -0.0201
1842    0.0000   -0.0045
1843    0.0000   -0.0827
1844    0.0000   -0.0222
1845    0.0000   -0.0050
1846    0.0000   -0.1127
1847    0.0000   -0.0319
1848    0.0000   -0.0071
1849    0.0000   -0.0009
1850    0.0000    0.0000
1851    0.0000    0.0000
1852    0.0000    0.0000
1853    0.0000    0.0000
1854    0.0000   -0.1890
1855    0.0000   -0.0796
1856    0.0000   -0.0177
1857    0.0000   -0.0030
1858    0.0000    0.0000
1859    0.0000    0.0000
1860    0.0000   -0.0499
1861    0.0000   -0.0353
1862   -0.0127   -1.0755
1863   -0.5304   -0.6682
1864   -0.1329   -0.2458
1865   -0.0234   -0.0904
1866   -0.0040   -0.0281
1867   -0.0006    0.0000
1868    0.0000    0.0000
1869    0.0000    0.0000
1870    0.0000    0.0000
1871    0.0000    0.0000
1872    0.0000   -0.0249
1873    0.0000   -0.1628
1874    0.0000   -0.0384
1875    0.0000   -0.1935
1876    0.0000   -0.0566
1877    0.0000   -0.0124
1878    0.0000   -0.0017
1879    0.0000    0.0000
1880    0.0000    0.0000
1881    0.0000    0.0000
1882    0.0000    0.0000
1883    0.0000   -0.4098
1884   -1.6291   -3.1316
1885   -1.2119   -1.4559
1886   -0.2290   -0.9053
1887   -0.1344   -0.3153
1888   -0.1763   -0.0750
1889   -0.0340   -0.0037
1890   -0.0059   -0.0868
1891   -0.0010   -0.0237
1892   -0.0001   -0.0719
1893    0.0000   -0.0179
1894    0.0000   -0.0039
1895    0.0000   -0.0004
1896    0.0000    0.0000
1897    0.0000    0.0000
1898    0.0000   -0.1383
1899    0.0000   -0.0408
1900    0.0000   -0.0091
1901    0.0000   -0.0012
1902    0.0000   -0.0835
1903   -0.0843   -1.3841
1904   -0.4355   -0.7601
1905   -0.0891   -0.2797
1906   -0.0155   -0.1029
1907   -0.0026   -0.2535
1908   -0.0004   -0.1261
1909    0.0000   -0.0281
1910    0.0000   -0.0052
1911    0.0000    0.0000
1912   -0.5338   -0.6186
1913   -0.6022   -0.5731
1914   -0.1197   -0.1274
1915   -0.0208   -0.0266
1916   -0.0035   -0.1709
1917   -0.0004   -0.0514
1918    0.0000   -0.0114
1919    0.0000   -0.0015
1920    0.0000    0.0000
1921    0.0000   -0.1029
1922    0.0000   -0.0290
1923    0.0000   -0.0065
1924    0.0000   -0.2283
1925    0.0000   -0.0971
1926   -0.5142   -0.0217
1927   -0.2111   -0.0036
1928   -0.0392    0.0000
1929   -0.0067   -0.0492
1930   -0.0011   -0.0407
1931   -0.0000   -0.1227
1932    0.0000   -0.1949
1933    0.0000   -0.0531
1934    0.0000   -0.0113
1935    0.0000   -0.0012
1936    0.0000    0.0000
1937    0.0000    0.0000
1938    0.0000    0.0000
1939    0.0000    0.0000
1940    0.0000    0.0000
1941    0.0000    0.0000
1942    0.0000    0.0000
1943    0.0000    0.0000
1944    0.0000    0.0000
1945    0.0000    0.0000
1946    0.0000    0.0000
1947    0.0000    0.0000
1948    0.0000    0.0000
1949    0.0000    0.0000
1950    0.0000    0.0000
1951    0.0000    0.0000
1952    0.0000    0.0000
1953    0.0000    0.0000
1954    0.0000    0.0000
1955    0.0000    0.0000
1956    0.0000   -0.0960
1957    0.0000   -0.0264
1958    0.0000   -0.0059
1959    0.0000   -0.0007
1960    0.0000    0.0000
1961    0.0000    0.0000
1962    0.0000    0.0000
1963    0.0000   -0.7997
1964   -1.8738   -1.0989
1965   -0.7053   -0.6029
1966   -0.1279   -0.2055
1967   -0.0218   -0.0689
1968   -0.0036   -0.0112
1969   -0.0001    0.0000
1970    0.0000    0.0000
1971    0.0000    0.0000
1972    0.0000    0.0000
1973    0.0000    0.0000
1974    0.0000   -0.0046
1975    0.0000   -0.4888
1976    0.0000   -0.2996
1977   -0.3865   -0.1102
1978   -0.1341   -0.0407
1979   -0.0247   -0.0125
1980   -0.0042    0.0000
1981   -0.0007    0.0000
1982    0.0000   -0.9522
1983    0.0000   -1.5763
1984    0.0000   -0.5913
1985    0.0000   -0.2175
1986    0.0000   -0.0800
1987    0.0000   -0.0074
1988    0.0000    0.0000
1989    0.0000    0.0000
1990    0.0000    0.0000
1991    0.0000   -0.7406
1992   -2.4815   -2.6227
1993   -1.4524   -1.0675
1994   -0.2706   -0.3927
1995   -0.0463   -0.1443
1996   -0.0078   -0.0271
1997   -0.0006    0.0000
1998    0.0000    0.0000
1999    0.0000    0.0000
2000    0.0000    0.0000